chromosome	start	end	copy_number	minor_cn	major_cn	ccf	baf	logr	
1	17500	48179565	2	1	1	1	0.5	0.0	
1	48179566	48934854	3	1	2	1	0.636363636362	0.584962500721	
1	48934855	56198113	2	1	1	1	0.5	0.0	
1	56198114	56431154	3	1	2	1	0.636363636362	0.584962500721	
1	56431155	73997899	2	1	1	1	0.5	0.0	
1	73997900	99121340	1	0	1	1	0.800000000001	-1.0	
1	99121341	99603367	2	1	1	1	0.5	0.0	
1	99603368	100130814	1	0	1	1	0.800000000001	-1.0	
1	100130815	100292859	2	1	1	1	0.5	0.0	
1	100292860	110991603	2	1	1	1	0.692041522493	-0.666576266275	
1	100292860	110991603	1	0	1	0.74	0.692041522493	-0.666576266275	
1	110991604	112891499	2	1	1	1	0.5	0.0	
1	112891500	114350680	1	0	1	1	0.800000000001	-1.0	
1	114350681	128899999	3	1	2	1	0.636363636362	0.584962500721	
1	128900000	142782499	1	0	1	1	0.800000000001	-1.0	
1	142782500	249250620	3	1	2	1	0.636363636362	0.584962500721	
2	14004	17511682	2	1	1	1	0.5	0.0	
2	17511683	17948869	1	0	1	1	0.800000000001	-1.0	
2	17948870	18515492	2	1	1	1	0.5	0.0	
2	18515493	20854617	2	1	1	1	0.692041522493	-0.666576266275	
2	18515493	20854617	1	0	1	0.74	0.692041522493	-0.666576266275	
2	20854618	23617149	2	1	1	1	0.5	0.0	
2	23617150	26018765	1	0	1	1	0.800000000001	-1.0	
2	26018766	28721966	2	1	1	1	0.5	0.0	
2	28721967	29076271	3	1	2	1	0.636363636362	0.584962500721	
2	29076272	30417396	2	1	1	1	0.5	0.0	
2	30417397	33018864	2	1	1	1	0.692041522493	-0.666576266275	
2	30417397	33018864	1	0	1	0.74	0.692041522493	-0.666576266275	
2	33018865	41218016	2	1	1	1	0.5	0.0	
2	41218017	41295775	3	1	2	1	0.636363636362	0.584962500721	
2	41295776	47601532	2	1	1	1	0.5	0.0	
2	47601533	48834463	1	0	1	1	0.800000000001	-1.0	
2	48834464	105524608	2	1	1	1	0.5	0.0	
2	105524609	105736724	2	1	1	1	0.554016620498	-0.200912693926	
2	105524609	105736724	1	0	1	0.26	0.554016620498	-0.200912693926	
2	105736725	105881212	2	1	1	1	0.5	0.0	
2	105881213	109744592	1	0	1	1	0.800000000001	-1.0	
2	109744593	118536695	2	1	1	1	0.5	0.0	
2	118536696	118649319	1	0	1	1	0.800000000001	-1.0	
2	118649320	120450297	2	1	1	1	0.5	0.0	
2	120450298	153587683	2	1	1	1	0.692041522493	-0.666576266275	
2	120450298	153587683	1	0	1	0.74	0.692041522493	-0.666576266275	
2	153587684	158172144	2	1	1	1	0.5	0.0	
2	158172145	158914828	1	0	1	1	0.800000000001	-1.0	
2	158914829	159015569	4	1	3	1	0.714285714284	1.0	
2	159015570	159737317	1	0	1	1	0.800000000001	-1.0	
2	159737318	159820622	2	1	1	1	0.5	0.0	
2	159820623	159971996	2	1	1	1	0.608610567513	0.454175893186	
2	159820623	159971996	3	1	2	0.74	0.608610567513	0.454175893186	
2	159971997	160274387	2	1	1	1	0.5	0.0	
2	160274388	160590952	1	0	1	1	0.800000000001	-1.0	
2	160590953	160722211	3	1	2	1	0.636363636362	0.584962500721	
2	160722212	160862713	1	0	1	1	0.800000000001	-1.0	
2	160862714	168958728	2	1	1	1	0.5	0.0	
2	168958729	172293306	1	0	1	1	0.800000000001	-1.0	
2	172293307	172349754	2	1	1	1	0.5	0.0	
2	172349755	180548512	1	0	1	1	0.800000000001	-1.0	
2	180548513	180595662	2	1	1	1	0.5	0.0	
2	180595663	180614699	2	1	1	1	0.692041522493	-0.666576266275	
2	180595663	180614699	1	0	1	0.74	0.692041522493	-0.666576266275	
2	180614700	180941361	2	1	1	1	0.5	0.0	
2	180941362	181610143	3	1	2	1	0.636363636362	0.584962500721	
2	181610144	181704860	2	1	1	1	0.5	0.0	
2	181704861	181880592	1	0	1	1	0.800000000001	-1.0	
2	181880593	182611218	2	1	1	1	0.5	0.0	
2	182611219	183892075	2	1	1	1	0.692041522493	-0.666576266275	
2	182611219	183892075	1	0	1	0.74	0.692041522493	-0.666576266275	
2	183892076	186222674	2	1	1	1	0.5	0.0	
2	186222675	186269747	1	0	1	1	0.800000000001	-1.0	
2	186269748	186783755	2	1	1	1	0.5	0.0	
2	186783756	187025565	1	0	1	1	0.800000000001	-1.0	
2	187025566	187074035	3	1	2	1	0.636363636362	0.584962500721	
2	187074036	187349970	2	1	1	1	0.692041522493	-0.666576266275	
2	187074036	187349970	1	0	1	0.74	0.692041522493	-0.666576266275	
2	187349971	187380546	2	1	1	1	0.5	0.0	
2	187380547	187579534	1	0	1	1	0.800000000001	-1.0	
2	187579535	188146572	2	1	1	1	0.5	0.0	
2	188146573	188422292	4	1	3	1	0.714285714284	1.0	
2	188422293	188916899	2	1	1	1	0.5	0.0	
2	188916900	189635462	2	1	1	1	0.692041522493	-0.666576266275	
2	188916900	189635462	1	0	1	0.74	0.692041522493	-0.666576266275	
2	189635463	208734697	4	1	3	1	0.714285714284	1.0	
2	208734698	217860834	2	1	1	1	0.5	0.0	
2	217860835	217895655	2	1	1	1	0.608610567513	0.454175893186	
2	217860835	217895655	3	1	2	0.74	0.608610567513	0.454175893186	
2	217895656	219370488	4	1	3	1	0.714285714284	1.0	
2	219370489	219638098	3	1	2	1	0.636363636362	0.584962500721	
2	219638099	219862545	2	1	1	1	0.5	0.0	
2	219862546	222369948	1	0	1	1	0.800000000001	-1.0	
2	222369949	222529355	3	0	3	1	0.90909090909	0.584962500721	
2	222529356	223805652	1	0	1	1	0.800000000001	-1.0	
2	223805653	239174042	1	0	1	1	0.800000000001	-1.0	
2	239174043	242985695	2	1	1	1	0.692041522493	-0.666576266275	
2	239174043	242985695	1	0	1	0.74	0.692041522493	-0.666576266275	
3	60596	23045420	3	1	2	1	0.636363636362	0.584962500721	
3	23045421	24164935	1	0	1	1	0.800000000001	-1.0	
3	24164936	24248500	2	1	1	1	0.608610567513	0.454175893186	
3	24164936	24248500	3	1	2	0.74	0.608610567513	0.454175893186	
3	24248501	26692704	1	0	1	1	0.800000000001	-1.0	
3	26692705	49056900	3	1	2	1	0.636363636362	0.584962500721	
3	49056901	50941054	1	0	1	1	0.861495844874	-0.200912693926	
3	49056901	50941054	2	0	2	0.74	0.861495844874	-0.200912693926	
3	50941055	51557964	1	0	1	1	0.800000000001	-1.0	
3	51557965	52322748	3	1	2	1	0.797266514806	0.17632277264	
3	51557965	52322748	2	0	2	0.74	0.797266514806	0.17632277264	
3	52322749	64832817	3	1	2	1	0.636363636362	0.584962500721	
3	64832818	65022327	4	1	3	1	0.714285714284	1.0	
3	65022328	69058957	3	1	2	1	0.636363636362	0.584962500721	
3	69058958	73493847	1	0	1	1	0.861495844874	-0.200912693926	
3	69058958	73493847	2	0	2	0.74	0.861495844874	-0.200912693926	
3	73493848	125392716	3	1	2	1	0.636363636362	0.584962500721	
3	125392717	125639480	4	1	3	1	0.714285714284	1.0	
3	125639481	131629593	5	1	4	1	0.764705882352	1.32192809489	
3	131629594	135140113	4	1	3	1	0.714285714284	1.0	
3	135140114	171475880	2	1	1	1	0.608610567513	0.454175893186	
3	135140114	171475880	3	1	2	0.74	0.608610567513	0.454175893186	
3	171475881	171927384	1	0	1	1	0.800000000001	-1.0	
3	171927385	176701161	3	1	2	1	0.636363636362	0.584962500721	
3	176701162	176915369	2	1	1	1	0.692041522493	-0.666576266275	
3	176701162	176915369	1	0	1	0.74	0.692041522493	-0.666576266275	
3	176915370	178325621	3	1	2	1	0.636363636362	0.584962500721	
3	178325622	178396769	2	0	2	1	0.874999999998	0.0	
3	178396770	178669614	0	0	0	1	0.5	-inf	
3	178669615	182991042	2	1	1	1	0.608610567513	0.454175893186	
3	178669615	182991042	3	1	2	0.74	0.608610567513	0.454175893186	
3	182991043	187535904	2	1	1	1	0.5	0.0	
3	187535905	187927526	2	1	1	1	0.5	0.0	
3	187927527	198022429	2	1	1	1	0.5	0.0	
4	9997	48199999	1	0	1	1	0.800000000001	-1.0	
4	48200000	79647241	2	1	1	1	0.5	0.0	
4	79647242	79922853	2	1	1	1	0.608610567513	0.454175893186	
4	79647242	79922853	3	1	2	0.74	0.608610567513	0.454175893186	
4	79922854	149292209	2	1	1	1	0.5	0.0	
4	149292210	149467779	3	1	2	1	0.636363636362	0.584962500721	
4	149467780	191154275	2	1	1	1	0.5	0.0	
5	17500	58364877	2	1	1	1	0.5	0.0	
5	58364878	147555760	1	0	1	1	0.800000000001	-1.0	
5	147555761	171514305	3	1	2	1	0.636363636362	0.584962500721	
5	171514306	171886186	3	1	2	1	0.636363636362	0.584962500721	
5	171886187	180715810	2	1	1	1	0.608610567513	0.454175893186	
5	171886187	180715810	3	1	2	0.74	0.608610567513	0.454175893186	
6	220026	4796583	2	1	1	1	0.5	0.0	
6	4796584	11543625	1	0	1	1	0.800000000001	-1.0	
6	11543626	14420248	2	0	2	1	0.874999999998	0.0	
6	14420249	15680154	1	0	1	1	0.800000000001	-1.0	
6	15680155	78547620	2	1	1	1	0.5	0.0	
6	78547621	78877523	1	0	1	1	0.800000000001	-1.0	
6	78877524	79633058	2	1	1	1	0.5	0.0	
6	79633059	80184807	2	1	1	1	0.692041522493	-0.666576266275	
6	79633059	80184807	1	0	1	0.74	0.692041522493	-0.666576266275	
6	80184808	80216636	2	1	1	1	0.5	0.0	
6	80216637	113313129	1	0	1	1	0.800000000001	-1.0	
6	113313130	113728870	2	1	1	1	0.5	0.0	
6	113728871	114003051	1	0	1	1	0.800000000001	-1.0	
6	114003052	150424332	2	1	1	1	0.5	0.0	
6	150424333	150519665	1	0	1	1	0.800000000001	-1.0	
6	150519666	150559096	2	1	1	1	0.5	0.0	
6	150559097	151587656	2	1	1	1	0.692041522493	-0.666576266275	
6	150559097	151587656	1	0	1	0.74	0.692041522493	-0.666576266275	
6	151587657	165971365	2	1	1	1	0.5	0.0	
6	165971366	166052205	1	0	1	1	0.800000000001	-1.0	
6	166052206	170918194	2	1	1	1	0.5	0.0	
7	42500	1667657	2	1	1	1	0.608610567513	0.454175893186	
7	42500	1667657	3	1	2	0.74	0.608610567513	0.454175893186	
7	1667658	2861387	2	0	2	1	0.874999999998	0.0	
7	2861388	61977317	2	1	1	1	0.608610567513	0.454175893186	
7	2861388	61977317	3	1	2	0.74	0.608610567513	0.454175893186	
7	61977318	98917091	2	1	1	1	0.5	0.0	
7	98917092	99950264	1	0	1	1	0.800000000001	-1.0	
7	99950265	100135327	2	1	1	1	0.5	0.0	
7	100135328	102071320	1	0	1	1	0.800000000001	-1.0	
7	102071321	159138662	2	1	1	1	0.5	0.0	
8	155687	17921501	3	1	2	1	0.636363636362	0.584962500721	
8	17921502	33263154	2	1	1	1	0.692041522493	-0.666576266275	
8	17921502	33263154	1	0	1	0.74	0.692041522493	-0.666576266275	
8	33263155	60168207	3	1	2	1	0.636363636362	0.584962500721	
8	60168208	66948849	1	0	1	1	0.800000000001	-1.0	
8	66948850	75215925	3	1	2	1	0.636363636362	0.584962500721	
8	75215926	76333270	4	1	3	1	0.714285714284	1.0	
8	76333271	81711447	2	1	1	1	0.608610567513	0.454175893186	
8	76333271	81711447	3	1	2	0.74	0.608610567513	0.454175893186	
8	81711448	85342218	1	0	1	1	0.800000000001	-1.0	
8	85342219	91383243	2	1	1	1	0.5	0.0	
8	91383244	91717313	3	1	2	1	0.636363636362	0.584962500721	
8	91717314	103425989	2	1	1	1	0.5	0.0	
8	103425990	103875491	2	1	1	1	0.608610567513	0.454175893186	
8	103425990	103875491	3	1	2	0.74	0.608610567513	0.454175893186	
8	103875492	128065946	2	1	1	1	0.5	0.0	
8	128065947	128263199	2	1	1	1	0.5	0.0	
8	128263200	146364021	2	1	1	1	0.5	0.0	
9	10001	10545275	2	1	1	1	0.5	0.0	
9	10545276	10605495	2	1	1	1	0.608610567513	0.454175893186	
9	10545276	10605495	3	1	2	0.74	0.608610567513	0.454175893186	
9	10605496	76147176	2	1	1	1	0.5	0.0	
9	76147177	91754443	1	0	1	1	0.800000000001	-1.0	
9	91754444	136616623	2	1	1	1	0.5	0.0	
9	136616624	137807352	2	1	1	1	0.692041522493	-0.666576266275	
9	136616624	137807352	1	0	1	0.74	0.692041522493	-0.666576266275	
9	137807353	138994649	3	1	2	1	0.636363636362	0.584962500721	
9	138994650	140165013	2	1	1	1	0.608610567513	0.454175893186	
9	138994650	140165013	3	1	2	0.74	0.608610567513	0.454175893186	
10	94426	5953017	2	1	1	1	0.5	0.0	
10	5953018	6080239	2	1	1	1	0.608610567513	0.454175893186	
10	5953018	6080239	3	1	2	0.74	0.608610567513	0.454175893186	
10	6080240	31013441	2	1	1	1	0.5	0.0	
10	31013442	32541556	1	0	1	1	0.800000000001	-1.0	
10	32541557	80430677	2	1	1	1	0.5	0.0	
10	80430678	80731973	3	1	2	1	0.636363636362	0.584962500721	
10	80731974	81402177	2	1	1	1	0.5	0.0	
10	81402178	81861933	1	0	1	1	0.800000000001	-1.0	
10	81861934	89665313	2	1	1	1	0.5	0.0	
10	89665314	89890233	2	1	1	1	0.692041522493	-0.666576266275	
10	89665314	89890233	1	0	1	0.74	0.692041522493	-0.666576266275	
10	89890234	97978821	2	1	1	1	0.5	0.0	
10	97978822	100705330	1	0	1	1	0.800000000001	-1.0	
10	100705331	100761410	0	0	0	1	0.5	-inf	
10	100761411	101107401	2	1	1	1	0.692041522493	-0.666576266275	
10	100761411	101107401	1	0	1	0.74	0.692041522493	-0.666576266275	
10	101107402	102570085	2	1	1	1	0.5	0.0	
10	102570086	102892656	3	1	2	1	0.636363636362	0.584962500721	
10	102892657	124566445	2	1	1	1	0.5	0.0	
10	124566446	124632499	2	1	1	1	0.5	0.0	
10	124632500	135534746	2	1	1	1	0.5	0.0	
11	199673	12427598	1	0	1	1	0.800000000001	-1.0	
11	12427599	14837826	2	1	1	1	0.5	0.0	
11	14837827	14982309	2	1	1	1	0.608610567513	0.454175893186	
11	14837827	14982309	3	1	2	0.74	0.608610567513	0.454175893186	
11	14982310	20779863	2	1	1	1	0.5	0.0	
11	20779864	20885413	3	1	2	1	0.636363636362	0.584962500721	
11	20885414	135006515	2	1	1	1	0.5	0.0	
12	67500	132639282	1	0	1	1	0.800000000001	-1.0	
12	132639283	133259976	2	1	1	1	0.692041522493	-0.666576266275	
12	132639283	133259976	1	0	1	0.74	0.692041522493	-0.666576266275	
13	16300000	50712419	2	1	1	1	0.5	0.0	
13	50712420	51008478	3	1	2	1	0.636363636362	0.584962500721	
13	51008479	115169877	2	1	1	1	0.5	0.0	
14	16100000	56487994	2	1	1	1	0.5	0.0	
14	56487995	56639542	2	1	1	1	0.608610567513	0.454175893186	
14	56487995	56639542	3	1	2	0.74	0.608610567513	0.454175893186	
14	56639543	67905550	2	1	1	1	0.5	0.0	
14	67905551	68783320	3	1	2	1	0.636363636362	0.584962500721	
14	68783321	88659191	2	1	1	1	0.5	0.0	
14	88659192	89119831	2	1	1	1	0.5	0.0	
14	89119832	107349539	2	1	1	1	0.5	0.0	
15	15800000	38098445	2	1	1	1	0.5	0.0	
15	38098446	38292659	3	1	2	1	0.636363636362	0.584962500721	
15	38292660	68127631	2	1	1	1	0.5	0.0	
15	68127632	101248069	4	1	3	1	0.714285714284	1.0	
15	101248070	101693201	4	1	3	1	0.714285714284	1.0	
16	83802	2936516	2	1	1	1	0.544419134398	0.17632277264	
16	83802	2936516	3	1	2	0.26	0.544419134398	0.17632277264	
16	2936517	3231324	4	1	3	1	0.714285714284	1.0	
16	3231325	5216173	2	1	1	1	0.608610567513	0.454175893186	
16	3231325	5216173	3	1	2	0.74	0.608610567513	0.454175893186	
16	5216174	5428735	4	1	3	1	0.714285714284	1.0	
16	5428736	34021299	3	1	2	1	0.636363636362	0.584962500721	
16	34021300	38599999	1	0	1	1	0.800000000001	-1.0	
16	38600000	56148188	2	1	1	1	0.5	0.0	
16	56148189	57047809	1	0	1	1	0.800000000001	-1.0	
16	57047810	57532877	2	0	2	1	0.874999999998	0.0	
16	57532878	59416614	1	0	1	1	0.800000000001	-1.0	
16	59416615	63035570	2	1	1	1	0.5	0.0	
16	63035571	63298286	2	1	1	1	0.554016620498	-0.200912693926	
16	63035571	63298286	1	0	1	0.26	0.554016620498	-0.200912693926	
16	63298287	63473327	2	1	1	1	0.5	0.0	
16	63473328	66536256	1	0	1	1	0.800000000001	-1.0	
16	66536257	70793003	2	1	1	1	0.5	0.0	
16	70793004	71869953	1	0	1	1	0.800000000001	-1.0	
16	71869954	72144384	1	0	1	1	0.800000000001	-1.0	
16	72144385	90354752	2	1	1	1	0.692041522493	-0.666576266275	
16	72144385	90354752	1	0	1	0.74	0.692041522493	-0.666576266275	
17	2500	4563839	1	0	1	1	0.800000000001	-1.0	
17	4563840	5206727	1	0	1	1	0.861495844874	-0.200912693926	
17	4563840	5206727	2	0	2	0.74	0.861495844874	-0.200912693926	
17	5206728	22199999	1	0	1	1	0.800000000001	-1.0	
17	22200000	81195209	2	1	1	1	0.5	0.0	
18	12500	78077247	2	1	1	1	0.5	0.0	
19	158847	30548623	2	1	1	1	0.5	0.0	
19	30548624	41679021	1	0	1	1	0.800000000001	-1.0	
19	41679022	42580309	2	1	1	1	0.5	0.0	
19	42580310	46020914	1	0	1	1	0.800000000001	-1.0	
19	46020915	59128982	2	1	1	1	0.5	0.0	
20	62500	24970829	2	1	1	1	0.5	0.0	
20	24970830	25262798	1	0	1	1	0.800000000001	-1.0	
20	25262799	33422050	2	1	1	1	0.5	0.0	
20	33422051	33592978	2	1	1	1	0.608610567513	0.454175893186	
20	33422051	33592978	3	1	2	0.74	0.608610567513	0.454175893186	
20	33592979	63025519	2	1	1	1	0.5	0.0	
21	1	17307001	2	1	1	1	0.5	0.0	
21	17307002	18689884	1	0	1	1	0.800000000001	-1.0	
21	18689885	39798387	2	1	1	1	0.5	0.0	
21	39798388	39813969	2	1	1	1	0.692041522493	-0.666576266275	
21	39798388	39813969	1	0	1	0.74	0.692041522493	-0.666576266275	
21	39813970	39882664	2	1	1	1	0.5	0.0	
21	39882665	42873816	2	1	1	1	0.5	0.0	
21	42873817	48129894	2	1	1	1	0.5	0.0	
22	12200000	26697795	2	1	1	1	0.5	0.0	
22	26697796	26910222	3	1	2	1	0.636363636362	0.584962500721	
22	26910223	46748956	2	1	1	1	0.5	0.0	
22	46748957	51304565	1	0	1	1	0.800000000001	-1.0	
