chromosome	start	end	copy_number	minor_cn	major_cn	ccf	baf	logr	
1	17500	18353318	2	1	1	1	0.5	0.0	
1	18353319	36334420	1	0	1	1	0.980392156867	-1.0	
1	36334421	249250620	2	1	1	1	0.5	0.0	
2	9997	242987003	2	1	1	1	0.5	0.0	
3	60596	198022429	2	1	1	1	0.5	0.0	
4	11870	191154275	2	1	1	1	0.5	0.0	
5	17500	180710363	2	1	1	1	0.5	0.0	
6	202468	425572	2	0	2	1	0.990000000002	0.0	
6	425573	126992499	1	0	1	1	0.980392156867	-1.0	
6	126992500	127067995	1	0	1	1	0.980392156867	-1.0	
6	127067996	170919735	1	0	1	1	0.980392156867	-1.0	
7	42500	159138662	2	1	1	1	0.5	0.0	
8	155757	43099999	2	0	2	1	0.990000000002	0.0	
8	43100000	48330718	4	2	2	1	0.5	1.0	
8	48330719	50661229	5	2	3	1	0.5991902834	1.32192809489	
8	50661230	50698242	6	2	4	1	0.66554054054	1.58496250072	
8	50698243	54980317	5	2	3	1	0.5991902834	1.32192809489	
8	54980318	123722554	3	1	2	1	0.698905753618	0.510961919277	
8	54980318	123722554	2	0	2	0.15	0.698905753618	0.510961919277	
8	123722555	124670112	5	2	3	1	0.5991902834	1.32192809489	
8	124670113	130948129	4	2	2	1	0.5	1.0	
8	130948130	131935658	5	2	3	1	0.5991902834	1.32192809489	
8	131935659	136942842	2	0	2	1	0.990000000002	0.0	
8	136942843	146364021	3	1	2	1	0.698905753618	0.510961919277	
8	136942843	146364021	2	0	2	0.15	0.698905753618	0.510961919277	
9	10001	21134145	1	0	1	1	0.980392156867	-1.0	
9	21134146	24347499	0	0	0	1	0.5	-inf	
9	24347500	24778855	1	0	1	1	0.980392156867	-1.0	
9	24778856	25243614	42	0	42	1	0.999514563106	4.39231742278	
9	25243615	25962475	6	0	6	1	0.996621621621	1.58496250072	
9	25962476	26775289	30	0	30	1	0.999320652176	3.90689059561	
9	26775290	29003019	4	0	4	1	0.994949494948	1.0	
9	29003020	35460432	3	1	2	1	0.698905753618	0.510961919277	
9	29003020	35460432	2	0	2	0.15	0.698905753618	0.510961919277	
9	35460433	141213430	2	1	1	1	0.5	0.0	
10	133273	135208463	2	1	1	1	0.5	0.0	
11	196944	135006515	2	1	1	1	0.5	0.0	
12	67500	133851894	2	1	1	1	0.5	0.0	
13	16300000	115169877	2	1	1	1	0.5	0.0	
15	15800000	83282753	2	1	1	1	0.5	0.0	
15	83282754	83363680	2	1	1	1	0.5	0.0	
15	83363681	102531391	2	1	1	1	0.5	0.0	
16	83807	2046848	1	0	1	1	0.980392156867	-1.0	
16	2046849	8266075	3	1	2	1	0.664429530202	0.584962500721	
16	8266076	90354752	2	1	1	1	0.5	0.0	
17	2500	21532499	1	0	1	1	0.980392156867	-1.0	
17	21532500	40748985	2	1	1	1	0.5	0.0	
17	40748986	44265194	2	1	1	1	0.647017296153	0.510961919277	
17	40748986	44265194	3	1	2	0.85	0.647017296153	0.510961919277	
17	44265195	44289785	2	1	1	1	0.5	0.0	
17	44289786	48924949	3	1	2	1	0.664429530202	0.584962500721	
17	48924950	49341486	5	1	4	1	0.797570850203	1.32192809489	
17	49341487	52122703	3	1	2	1	0.664429530202	0.584962500721	
17	52122704	58016265	1	0	1	1	0.980392156867	-1.0	
17	58016266	59646363	3	1	2	1	0.664429530202	0.584962500721	
17	59646364	62965412	5	1	4	1	0.797570850203	1.32192809489	
17	62965413	70941986	2	1	1	1	0.647017296153	0.510961919277	
17	62965413	70941986	3	1	2	0.85	0.647017296153	0.510961919277	
17	70941987	74856093	2	1	1	1	0.5	0.0	
17	74856094	77545664	2	1	1	1	0.5	0.0	
17	77545665	81195209	2	1	1	1	0.5	0.0	
18	105467	3852712	2	1	1	1	0.5	0.0	
18	3852713	4061977	2	1	1	1	0.647017296153	0.510961919277	
18	3852713	4061977	3	1	2	0.85	0.647017296153	0.510961919277	
18	4061978	11774381	2	1	1	1	0.5	0.0	
18	11774382	12803757	3	1	2	1	0.664429530202	0.584962500721	
18	12803758	13195807	5	1	4	1	0.797570850203	1.32192809489	
18	13195808	13635036	2	1	1	1	0.5	0.0	
18	13635037	15399999	1	0	1	1	0.980392156867	-1.0	
18	15400000	19063600	2	1	1	1	0.5	0.0	
18	19063601	20023720	5	1	4	1	0.797570850203	1.32192809489	
18	20023721	21736784	3	1	2	1	0.664429530202	0.584962500721	
18	21736785	22573055	1	0	1	1	0.980392156867	-1.0	
18	22573056	78077247	1	0	1	1	0.980392156867	-1.0	
19	97500	24399999	2	1	1	1	0.5	0.0	
19	24400000	59128982	3	1	2	1	0.664429530202	0.584962500721	
20	82217	63025519	2	1	1	1	0.5	0.0	
21	9827500	48129894	2	1	1	1	0.5	0.0	
22	12200000	51304565	1	0	1	1	0.980392156867	-1.0	
