chromosome	start	end	copy_number	minor_cn	major_cn	ccf	baf	logr	
1	723891	18855863	2	1	1	1	0.644039415213	-0.545824106814	
1	723891	18855863	1	0	1	0.63	0.644039415213	-0.545824106814	
1	18855864	181746911	2	1	1	1	0.500000000001	0.0	
1	181746912	236946001	3	1	2	1	0.630996309964	0.584962500721	
1	236946002	237432648	1	0	1	1	0.775193798453	-1.0	
1	237432649	240806836	2	1	1	1	0.558050117118	0.244887059124	
1	237432649	240806836	3	1	2	0.37	0.558050117118	0.244887059124	
1	240806837	240826347	4	2	2	1	0.500000000002	1.0	
1	240826348	245336377	2	1	1	1	0.591386425857	0.395062799518	
1	240826348	245336377	3	1	2	0.63	0.591386425857	0.395062799518	
1	245336378	245819338	2	0	2	1	0.855000000002	0.0	
1	245819339	246018975	3	1	2	1	0.630996309964	0.584962500721	
1	246018976	246468537	2	1	1	1	0.558050117118	0.244887059124	
1	246018976	246468537	3	1	2	0.37	0.558050117118	0.244887059124	
1	246468538	249250620	3	1	2	1	0.630996309964	0.584962500721	
2	11357	153386275	2	1	1	1	0.500000000001	0.0	
2	153386276	153440436	1	0	1	1	0.775193798453	-1.0	
2	153440437	243043939	2	1	1	1	0.500000000001	0.0	
3	62226	3877470	2	0	2	1	0.855000000002	0.0	
3	3877471	3942615	1	0	1	1	0.775193798453	-1.0	
3	3942616	60399715	1	0	1	1	0.833074310709	-0.295128035544	
3	3942616	60399715	2	0	2	0.63	0.833074310709	-0.295128035544	
3	60399716	60697397	0	0	0	1	0.5	-inf	
3	60697398	61502393	1	0	1	1	0.775193798453	-1.0	
3	61502394	198022429	2	1	1	1	0.500000000001	0.0	
4	9997	82655262	2	1	1	1	0.500000000001	0.0	
4	82655263	82736514	2	1	1	1	0.613195977435	-0.434402824146	
4	82655263	82736514	1	0	1	0.52	0.613195977435	-0.434402824146	
4	82736515	91349096	2	1	1	1	0.500000000001	0.0	
4	91349097	91392758	2	0	2	1	0.855000000002	0.0	
4	91392759	91465700	2	1	1	1	0.500000000001	0.0	
4	91465701	91529080	2	1	1	1	0.57560582513	-0.295128035544	
4	91465701	91529080	1	0	1	0.37	0.57560582513	-0.295128035544	
4	91529081	91725478	2	1	1	1	0.500000000001	0.0	
4	91725479	91797713	1	0	1	1	0.775193798453	-1.0	
4	91797714	91821151	2	1	1	1	0.500000000001	0.0	
4	91821152	91942552	1	0	1	1	0.775193798453	-1.0	
4	91942553	92036351	2	1	1	1	0.500000000001	0.0	
4	92036352	92102352	2	1	1	1	0.644039415213	-0.545824106814	
4	92036352	92102352	1	0	1	0.63	0.644039415213	-0.545824106814	
4	92102353	171741989	2	1	1	1	0.500000000001	0.0	
4	171741990	174802954	1	0	1	1	0.775193798453	-1.0	
4	174802955	178119861	2	1	1	1	0.500000000001	0.0	
4	178119862	179240667	2	1	1	1	0.644039415213	-0.545824106814	
4	178119862	179240667	1	0	1	0.63	0.644039415213	-0.545824106814	
4	179240668	179773162	2	1	1	1	0.500000000001	0.0	
4	179773163	180543218	1	0	1	1	0.775193798453	-1.0	
4	180543219	186099314	2	1	1	1	0.500000000001	0.0	
4	186099315	186180597	2	1	1	1	0.500000000001	0.0	
4	186180598	190750995	2	1	1	1	0.500000000001	0.0	
5	851582	11707656	2	1	1	1	0.500000000001	0.0	
5	11707657	12114070	2	1	1	1	0.57560582513	-0.295128035544	
5	11707657	12114070	1	0	1	0.37	0.57560582513	-0.295128035544	
5	12114071	88622890	2	1	1	1	0.500000000001	0.0	
5	88622891	89022994	1	0	1	1	0.775193798453	-1.0	
5	89022995	152401574	2	1	1	1	0.500000000001	0.0	
5	152401575	152573409	2	1	1	1	0.57560582513	-0.295128035544	
5	152401575	152573409	1	0	1	0.37	0.57560582513	-0.295128035544	
5	152573410	162747989	2	1	1	1	0.500000000001	0.0	
5	162747990	163075504	1	0	1	1	0.775193798453	-1.0	
5	163075505	163223575	2	1	1	1	0.500000000001	0.0	
5	163223576	163262516	2	1	1	1	0.500000000001	0.0	
5	163262517	180710664	2	1	1	1	0.500000000001	0.0	
6	1	1944867	2	1	1	1	0.500000000001	0.0	
6	1944868	2159526	2	1	1	1	0.57560582513	-0.295128035544	
6	1944868	2159526	1	0	1	0.37	0.57560582513	-0.295128035544	
6	2159527	101616451	2	1	1	1	0.500000000001	0.0	
6	101616452	101761337	1	0	1	1	0.775193798453	-1.0	
6	101761338	147887165	2	1	1	1	0.500000000001	0.0	
6	147887166	147965131	2	1	1	1	0.57560582513	-0.295128035544	
6	147887166	147965131	1	0	1	0.37	0.57560582513	-0.295128035544	
6	147965132	171115066	2	1	1	1	0.500000000001	0.0	
7	15752	110902086	2	1	1	1	0.500000000001	0.0	
7	110902087	111109186	2	1	1	1	0.500000000001	0.0	
7	111109187	159138662	2	1	1	1	0.500000000001	0.0	
8	162268	79408598	2	1	1	1	0.558050117118	0.244887059124	
8	162268	79408598	3	1	2	0.37	0.558050117118	0.244887059124	
8	79408599	79683362	2	1	1	1	0.500000000001	0.0	
8	79683363	143168501	3	1	2	1	0.630996309964	0.584962500721	
8	143168502	143184492	4	1	3	1	0.707602339181	1.0	
8	143184493	146364021	2	1	1	1	0.558050117118	0.244887059124	
8	143184493	146364021	3	1	2	0.37	0.558050117118	0.244887059124	
9	203310	24911069	2	1	1	1	0.500000000001	0.0	
9	24911070	24924169	3	1	2	1	0.630996309964	0.584962500721	
9	24924170	25889104	2	1	1	1	0.500000000001	0.0	
9	25889105	26078581	1	0	1	1	0.775193798453	-1.0	
9	26078582	141213430	2	1	1	1	0.500000000001	0.0	
10	96469	10372578	2	1	1	1	0.500000000001	0.0	
10	10372579	10384203	2	1	1	1	0.528122524425	-0.112474729258	
10	10372579	10384203	1	0	1	0.15	0.528122524425	-0.112474729258	
10	10384204	59923659	2	1	1	1	0.500000000001	0.0	
10	59923660	60018654	2	1	1	1	0.500000000001	0.0	
10	60018655	135534746	2	1	1	1	0.500000000001	0.0	
11	299091	22681140	2	1	1	1	0.500000000001	0.0	
11	22681141	22833190	1	0	1	1	0.775193798453	-1.0	
11	22833191	135006515	2	1	1	1	0.500000000001	0.0	
12	296543	133851894	2	1	1	1	0.500000000001	0.0	
13	16300000	19499999	3	1	2	1	0.630996309964	0.584962500721	
13	19500000	68588317	2	1	1	1	0.500000000001	0.0	
13	68588318	68744549	47	1	46	1	0.970544918999	4.55458885168	
13	68744550	69844855	21	1	20	1	0.935442220789	3.39231742278	
13	69844856	70640766	29	1	28	1	0.952763344356	3.85798099513	
13	70640767	71896404	23	1	22	1	0.940863394436	3.52356195606	
13	71896405	72446112	39	1	38	1	0.964626812877	4.28540221886	
13	72446113	73512939	25	1	24	1	0.945444626297	3.64385618977	
13	73512940	73548670	37	1	36	1	0.962756052142	4.20945336563	
13	73548671	74368189	2	1	1	1	0.500000000001	0.0	
13	74368190	115169877	2	1	1	1	0.500000000001	0.0	
14	19100000	106902629	2	1	1	1	0.500000000001	0.0	
15	15800000	74049016	2	1	1	1	0.500000000001	0.0	
15	74049017	78577234	2	1	1	1	0.57560582513	-0.295128035544	
15	74049017	78577234	1	0	1	0.37	0.57560582513	-0.295128035544	
15	78577235	79242807	2	1	1	1	0.500000000001	0.0	
15	79242808	79363454	2	1	1	1	0.500000000001	0.0	
15	79363455	102531391	2	1	1	1	0.500000000001	0.0	
16	209816	78464023	2	1	1	1	0.500000000001	0.0	
16	78464024	78588199	1	0	1	1	0.775193798453	-1.0	
16	78588200	78625151	3	1	2	1	0.630996309964	0.584962500721	
16	78625152	78719338	2	1	1	1	0.500000000001	0.0	
16	78719339	90354752	2	1	1	1	0.500000000001	0.0	
17	7	81195209	2	1	1	1	0.500000000001	0.0	
18	59014	37242331	2	1	1	1	0.500000000001	0.0	
18	37242332	37287117	2	1	1	1	0.500000000001	0.0	
18	37287118	78077247	2	1	1	1	0.500000000001	0.0	
19	290090	59128982	2	1	1	1	0.500000000001	0.0	
20	60000	14596216	3	1	2	1	0.630996309964	0.584962500721	
20	14596217	14681330	2	1	1	1	0.500000000001	0.0	
20	14681331	14735890	2	1	1	1	0.558050117118	0.244887059124	
20	14681331	14735890	3	1	2	0.37	0.558050117118	0.244887059124	
20	14735891	15335984	2	1	1	1	0.500000000001	0.0	
20	15335985	63025519	3	1	2	1	0.630996309964	0.584962500721	
21	1	14299999	2	1	1	1	0.500000000001	0.0	
21	14300000	48129894	2	1	1	1	0.500000000001	0.0	
22	12200000	51304565	2	1	1	1	0.500000000001	0.0	
