chromosome	start	end	copy_number	minor_cn	major_cn	ccf	baf	logr	
1	17500	249250620	2	1	1	1	0.5	0.0	
2	14004	225359673	3	1	2	1	0.588477366255	0.584962500721	
2	225359674	242985493	2	1	1	1	0.510523739598	0.0703893278914	
2	225359674	242985493	3	1	2	0.1	0.510523739598	0.0703893278914	
3	62309	197835212	2	1	1	1	0.5	0.0	
4	11870	191154275	2	1	1	1	0.5	0.0	
5	17500	46099999	2	1	1	1	0.5	0.0	
5	46100000	101607499	1	0	1	1	0.636942675159	-1.0	
5	101607500	180685900	2	1	1	1	0.5	0.0	
6	206092	66542098	1	0	1	1	0.636942675159	-1.0	
6	66542099	170916550	2	1	1	1	0.510986203374	-0.0740005814438	
6	66542099	170916550	1	0	1	0.1	0.510986203374	-0.0740005814438	
7	42500	159138662	2	1	1	1	0.5	0.0	
8	165697	146364021	2	1	1	1	0.5	0.0	
9	10001	37242383	1	0	1	1	0.636942675159	-1.0	
9	37242384	37256224	36	2	34	1	0.91395908544	4.16992500144	
9	37256225	37297523	2	1	1	1	0.564302240282	-0.444183844938	
9	37256225	37297523	1	0	1	0.53	0.564302240282	-0.444183844938	
9	37297524	37776095	35	1	34	1	0.938233477454	4.12928301694	
9	37776096	50699999	3	1	2	1	0.588477366255	0.584962500721	
9	50700000	141213430	2	1	1	1	0.5	0.0	
10	102138	23996956	2	1	1	1	0.510523739598	0.0703893278914	
10	102138	23996956	3	1	2	0.1	0.510523739598	0.0703893278914	
10	23996957	69396241	2	1	1	1	0.5	0.0	
10	69396242	135534746	1	0	1	1	0.636942675159	-1.0	
11	197337	135006515	2	1	1	1	0.5	0.0	
12	67500	11842903	2	1	1	1	0.5	0.0	
12	11842904	133851894	1	0	1	1	0.636942675159	-1.0	
13	16300000	115169877	2	1	1	1	0.615043975645	-0.82367722736	
13	16300000	115169877	1	0	1	0.87	0.615043975645	-0.82367722736	
14	16100000	107349539	2	1	1	1	0.5	0.0	
15	15800000	102531391	2	1	1	1	0.5	0.0	
16	94036	90354752	2	1	1	1	0.5	0.0	
17	1880	20747499	1	0	1	1	0.636942675159	-1.0	
17	20747500	26532677	2	1	1	1	0.5	0.0	
17	26532678	28020180	4	1	3	1	0.650349650349	1.0	
17	28020181	33867951	2	1	1	1	0.564302240282	-0.444183844938	
17	28020181	33867951	1	0	1	0.53	0.564302240282	-0.444183844938	
17	33867952	34342831	31	1	30	1	0.93089149966	3.95419631039	
17	34342832	34918629	4	1	3	1	0.650349650349	1.0	
17	34918630	34965512	3	1	2	1	0.649380137143	0.30451104181	
17	34918630	34965512	2	0	2	0.53	0.649380137143	0.30451104181	
17	34965513	35317246	5	1	4	1	0.696048632218	1.32192809489	
17	35317247	36457519	6	1	5	1	0.731182795699	1.58496250072	
17	36457520	54762768	2	1	1	1	0.5	0.0	
17	54762769	58460416	2	1	1	1	0.510986203374	-0.0740005814438	
17	54762769	58460416	1	0	1	0.1	0.510986203374	-0.0740005814438	
17	58460417	65892505	2	1	1	1	0.5	0.0	
17	65892506	74416116	1	0	1	1	0.636942675159	-1.0	
17	74416117	81195209	2	1	1	1	0.564302240282	-0.444183844938	
17	74416117	81195209	1	0	1	0.53	0.564302240282	-0.444183844938	
18	12500	9726984	3	1	2	1	0.588477366255	0.584962500721	
18	9726985	10623597	4	1	3	1	0.650349650349	1.0	
18	10623598	15399999	3	1	2	1	0.588477366255	0.584962500721	
18	15400000	20016859	2	1	1	1	0.5	0.0	
18	20016860	20865139	4	1	3	1	0.650349650349	1.0	
18	20865140	22138516	1	0	1	1	0.636942675159	-1.0	
18	22138517	78077247	2	1	1	1	0.564302240282	-0.444183844938	
18	22138517	78077247	1	0	1	0.53	0.564302240282	-0.444183844938	
19	97500	59128982	2	1	1	1	0.5	0.0	
20	65288	63025519	2	1	1	1	0.5	0.0	
21	9412500	48129894	1	0	1	1	0.636942675159	-1.0	
22	12200000	51304565	2	1	1	1	0.5	0.0	
