chromosome	start	end	copy_number	minor_cn	major_cn	ccf	baf	logr	
1	17500	60781795	3	1	2	1	0.663299663299	0.584962500721	
1	60781796	192261556	3	2	1	1	0.478159518953	0.93734439215	
1	60781796	192261556	4	2	2	0.83	0.478159518953	0.93734439215	
1	192261557	193041199	3	1	2	1	0.663299663299	0.584962500721	
1	193041200	197274879	4	2	2	1	0.5	1.0	
1	197274880	197445190	2	1	1	1	0.643506470356	0.500802053057	
1	197274880	197445190	3	1	2	0.83	0.643506470356	0.500802053057	
1	197445191	198049431	4	2	2	1	0.5	1.0	
1	198049432	198478656	5	2	3	1	0.598778004073	1.32192809489	
1	198478657	199777242	3	2	1	1	0.478159518953	0.93734439215	
1	198478657	199777242	4	2	2	0.83	0.478159518953	0.93734439215	
1	199777243	202198502	3	1	2	1	0.663299663299	0.584962500721	
1	202198503	205726083	4	2	2	1	0.5	1.0	
1	205726084	249250620	2	1	1	1	0.643506470356	0.500802053057	
1	205726084	249250620	3	1	2	0.83	0.643506470356	0.500802053057	
2	17500	43780896	4	2	2	1	0.5	1.0	
2	43780897	43972346	6	2	4	1	0.664965986397	1.58496250072	
2	43972347	69576555	4	2	2	1	0.5	1.0	
2	69576556	69931337	5	2	3	1	0.598778004073	1.32192809489	
2	69931338	166102851	4	2	2	1	0.5	1.0	
2	166102852	166248384	6	2	4	1	0.664965986397	1.58496250072	
2	166248385	206128488	4	2	2	1	0.5	1.0	
2	206128489	206689653	5	2	3	1	0.598778004073	1.32192809489	
2	206689654	208610884	4	2	2	1	0.5	1.0	
2	208610885	208739824	6	2	4	1	0.664965986397	1.58496250072	
2	208739825	242985493	4	2	2	1	0.5	1.0	
3	80797	123241688	4	2	2	1	0.5	1.0	
3	123241689	123482722	1	0	1	1	0.983652117046	-0.128156351491	
3	123241689	123482722	2	0	2	0.83	0.983652117046	-0.128156351491	
3	123482723	125145477	4	2	2	1	0.5	1.0	
3	125145478	125706108	6	3	3	1	0.5	1.58496250072	
3	125706109	136567860	4	2	2	1	0.5	1.0	
3	136567861	136702430	6	2	4	1	0.664965986397	1.58496250072	
3	136702431	188344667	3	1	2	1	0.663299663299	0.584962500721	
3	188344668	197846280	3	1	2	1	0.663299663299	0.584962500721	
4	9997	1920104	3	2	1	1	0.478159518953	0.93734439215	
4	9997	1920104	4	2	2	0.83	0.478159518953	0.93734439215	
4	1920105	2094571	6	3	3	1	0.5	1.58496250072	
4	2094572	24432609	3	2	1	1	0.478159518953	0.93734439215	
4	2094572	24432609	4	2	2	0.83	0.478159518953	0.93734439215	
4	24432610	24536662	6	3	3	1	0.5	1.58496250072	
4	24536663	57536514	4	2	2	1	0.5	1.0	
4	57536515	161865308	1	0	1	1	0.983652117046	-0.128156351491	
4	57536515	161865308	2	0	2	0.83	0.983652117046	-0.128156351491	
4	161865309	161930841	2	0	2	1	0.985000000004	0.0	
4	161930842	190784803	3	1	2	1	0.909972747011	0.11769504267	
4	161930842	190784803	2	0	2	0.83	0.909972747011	0.11769504267	
5	17500	10085442	3	1	2	1	0.663299663299	0.584962500721	
5	10085443	10119347	5	2	3	1	0.598778004073	1.32192809489	
5	10119348	10439076	5	1	4	1	0.796334012222	1.32192809489	
5	10439077	39301817	3	1	2	1	0.663299663299	0.584962500721	
5	39301818	55728999	4	2	2	1	0.5	1.0	
5	55729000	56090172	5	2	3	1	0.598778004073	1.32192809489	
5	56090173	180700511	4	2	2	1	0.5	1.0	
6	205610	452290	3	0	3	1	0.989898989896	0.584962500721	
6	452291	27912499	3	1	2	1	0.909972747011	0.11769504267	
6	452291	27912499	2	0	2	0.83	0.909972747011	0.11769504267	
6	27912500	36820834	5	2	3	1	0.598778004073	1.32192809489	
6	36820835	37292516	6	3	3	1	0.5	1.58496250072	
6	37292517	53102000	5	2	3	1	0.598778004073	1.32192809489	
6	53102001	53249038	6	3	3	1	0.5	1.58496250072	
6	53249039	53660312	5	2	3	1	0.598778004073	1.32192809489	
6	53660313	54044657	6	3	3	1	0.5	1.58496250072	
6	54044658	55476271	5	2	3	1	0.598778004073	1.32192809489	
6	55476272	55719901	6	2	4	1	0.664965986397	1.58496250072	
6	55719902	73848783	5	2	3	1	0.598778004073	1.32192809489	
6	73848784	104281701	3	2	1	1	0.478159518953	0.93734439215	
6	73848784	104281701	4	2	2	0.83	0.478159518953	0.93734439215	
6	104281702	104319937	6	3	3	1	0.5	1.58496250072	
6	104319938	105326490	4	2	2	1	0.5	1.0	
6	105326491	105439029	6	3	3	1	0.5	1.58496250072	
6	105439030	108115759	4	2	2	1	0.5	1.0	
6	108115760	108327742	4	1	3	1	0.7461928934	1.0	
6	108327743	119390743	4	2	2	1	0.5	1.0	
6	119390744	119411313	5	2	3	1	0.598778004073	1.32192809489	
6	119411314	128199472	3	2	1	1	0.478159518953	0.93734439215	
6	119411314	128199472	4	2	2	0.83	0.478159518953	0.93734439215	
6	128199473	128220721	6	2	4	1	0.664965986397	1.58496250072	
6	128220722	128393196	4	2	2	1	0.5	1.0	
6	128393197	128543438	2	1	1	1	0.836890116328	-0.773491470191	
6	128393197	128543438	1	0	1	0.83	0.836890116328	-0.773491470191	
6	128543439	130679964	4	2	2	1	0.5	1.0	
6	130679965	130792004	5	2	3	1	0.598778004073	1.32192809489	
6	130792005	132923672	3	2	1	1	0.478159518953	0.93734439215	
6	130792005	132923672	4	2	2	0.83	0.478159518953	0.93734439215	
6	132923673	133021623	5	2	3	1	0.598778004073	1.32192809489	
6	133021624	135243783	4	2	2	1	0.5	1.0	
6	135243784	136870002	5	2	3	1	0.598778004073	1.32192809489	
6	136870003	137012589	4	2	2	1	0.5	1.0	
6	137012590	137178602	6	2	4	1	0.664965986397	1.58496250072	
6	137178603	140491781	5	2	3	1	0.598778004073	1.32192809489	
6	140491782	141869785	3	2	1	1	0.478159518953	0.93734439215	
6	140491782	141869785	4	2	2	0.83	0.478159518953	0.93734439215	
6	141869786	141929229	6	2	4	1	0.664965986397	1.58496250072	
6	141929230	143029528	5	2	3	1	0.598778004073	1.32192809489	
6	143029529	144455020	4	2	2	1	0.5	1.0	
6	144455021	144601066	6	2	4	1	0.664965986397	1.58496250072	
6	144601067	147730802	5	2	3	1	0.598778004073	1.32192809489	
6	147730803	147781439	6	2	4	1	0.664965986397	1.58496250072	
6	147781440	156054478	5	2	3	1	0.598778004073	1.32192809489	
6	156054479	156407978	4	2	2	1	0.5	1.0	
6	156407979	159379019	5	2	3	1	0.598778004073	1.32192809489	
6	159379020	159537209	7	3	4	1	0.570802919709	1.80735492206	
6	159537210	159692095	3	2	1	1	0.478159518953	0.93734439215	
6	159537210	159692095	4	2	2	0.83	0.478159518953	0.93734439215	
6	159692096	159814827	6	2	4	1	0.664965986397	1.58496250072	
6	159814828	160481077	3	2	1	1	0.478159518953	0.93734439215	
6	159814828	160481077	4	2	2	0.83	0.478159518953	0.93734439215	
6	160481078	160611801	8	2	6	1	0.748081841432	2.0	
6	160611802	162682443	5	2	3	1	0.598778004073	1.32192809489	
6	162682444	162747195	6	3	3	1	0.5	1.58496250072	
6	162747196	163194763	5	2	3	1	0.598778004073	1.32192809489	
6	163194764	163337881	6	2	4	1	0.664965986397	1.58496250072	
6	163337882	165432016	5	2	3	1	0.598778004073	1.32192809489	
6	165432017	165448546	6	2	4	1	0.664965986397	1.58496250072	
6	165448547	168111737	5	2	3	1	0.598778004073	1.32192809489	
6	168111738	170909751	6	3	3	1	0.5	1.58496250072	
7	42500	46002131	5	2	3	1	0.598778004073	1.32192809489	
7	46002132	46230438	7	2	5	1	0.712408759124	1.80735492206	
7	46230439	96963427	5	2	3	1	0.598778004073	1.32192809489	
7	96963428	97016042	8	2	6	1	0.748081841432	2.0	
7	97016043	105771943	5	2	3	1	0.598778004073	1.32192809489	
7	105771944	105951093	8	2	6	1	0.748081841432	2.0	
7	105951094	151830241	4	1	3	1	0.7461928934	1.0	
7	151830242	159138662	4	1	3	1	0.7461928934	1.0	
8	164050	35798502	3	1	2	1	0.663299663299	0.584962500721	
8	35798503	36098084	2	0	2	1	0.985000000004	0.0	
8	36098085	146364021	2	1	1	1	0.643506470356	0.500802053057	
8	36098085	146364021	3	1	2	0.83	0.643506470356	0.500802053057	
9	42500	26923893	4	2	2	1	0.5	1.0	
9	26923894	26972654	3	1	2	1	0.663299663299	0.584962500721	
9	26972655	80437366	3	2	1	1	0.478159518953	0.93734439215	
9	26972655	80437366	4	2	2	0.83	0.478159518953	0.93734439215	
9	80437367	80458905	2	0	2	1	0.985000000004	0.0	
9	80458906	108228744	2	0	2	1	0.985000000004	0.0	
9	108228745	141213430	1	0	1	1	0.983652117046	-0.128156351491	
9	108228745	141213430	2	0	2	0.83	0.983652117046	-0.128156351491	
10	97500	4609617	4	2	2	1	0.5	1.0	
10	4609618	4817397	5	2	3	1	0.598778004073	1.32192809489	
10	4817398	37999999	3	2	1	1	0.478159518953	0.93734439215	
10	4817398	37999999	4	2	2	0.83	0.478159518953	0.93734439215	
10	38000000	43054139	3	1	2	1	0.663299663299	0.584962500721	
10	43054140	49744184	4	2	2	1	0.5	1.0	
10	49744185	51136633	2	0	2	1	0.985000000004	0.0	
10	51136634	51724465	3	2	1	1	0.478159518953	0.93734439215	
10	51136634	51724465	4	2	2	0.83	0.478159518953	0.93734439215	
10	51724466	52298412	2	0	2	1	0.985000000004	0.0	
10	52298413	65628589	4	2	2	1	0.5	1.0	
10	65628590	101561702	1	0	1	1	0.983652117046	-0.128156351491	
10	65628590	101561702	2	0	2	0.83	0.983652117046	-0.128156351491	
10	101561703	102171207	3	0	3	1	0.989898989896	0.584962500721	
10	102171208	112317461	2	0	2	1	0.985000000004	0.0	
10	112317462	112751389	3	0	3	1	0.989898989896	0.584962500721	
10	112751390	129799232	1	0	1	1	0.983652117046	-0.128156351491	
10	112751390	129799232	2	0	2	0.83	0.983652117046	-0.128156351491	
10	129799233	130110173	3	0	3	1	0.989898989896	0.584962500721	
10	130110174	135051123	2	0	2	1	0.985000000004	0.0	
11	201190	34127330	4	2	2	1	0.5	1.0	
11	34127331	34371438	5	2	3	1	0.598778004073	1.32192809489	
11	34371439	58804702	4	2	2	1	0.5	1.0	
11	58804703	58918771	5	2	3	1	0.598778004073	1.32192809489	
11	58918772	68606579	4	2	2	1	0.5	1.0	
11	68606580	73733374	6	2	4	1	0.664965986397	1.58496250072	
11	73733375	73861488	8	4	4	1	0.500000000001	2.0	
11	73861489	74152849	6	2	4	1	0.664965986397	1.58496250072	
11	74152850	112057672	1	0	1	1	0.983652117046	-0.128156351491	
11	74152850	112057672	2	0	2	0.83	0.983652117046	-0.128156351491	
11	112057673	112504134	2	0	2	1	0.985000000004	0.0	
11	112504135	135006515	3	1	2	1	0.909972747011	0.11769504267	
11	112504135	135006515	2	0	2	0.83	0.909972747011	0.11769504267	
12	67500	39106883	4	2	2	1	0.5	1.0	
12	39106884	39206505	2	0	2	1	0.985000000004	0.0	
12	39206506	63192307	4	2	2	1	0.5	1.0	
12	63192308	64174367	3	1	2	1	0.663299663299	0.584962500721	
12	64174368	64246602	4	2	2	1	0.5	1.0	
12	64246603	65481277	3	1	2	1	0.663299663299	0.584962500721	
12	65481278	65514266	3	2	1	1	0.478159518953	0.93734439215	
12	65481278	65514266	4	2	2	0.83	0.478159518953	0.93734439215	
12	65514267	65953974	3	1	2	1	0.663299663299	0.584962500721	
12	65953975	65980862	4	2	2	1	0.5	1.0	
12	65980863	66479536	3	1	2	1	0.663299663299	0.584962500721	
12	66479537	66499412	3	2	1	1	0.478159518953	0.93734439215	
12	66479537	66499412	4	2	2	0.83	0.478159518953	0.93734439215	
12	66499413	66758017	3	1	2	1	0.663299663299	0.584962500721	
12	66758018	66876612	3	2	1	1	0.478159518953	0.93734439215	
12	66758018	66876612	4	2	2	0.83	0.478159518953	0.93734439215	
12	66876613	69611623	3	1	2	1	0.663299663299	0.584962500721	
12	69611624	69645596	4	2	2	1	0.5	1.0	
12	69645597	71381295	3	1	2	1	0.663299663299	0.584962500721	
12	71381296	71421293	3	2	1	1	0.478159518953	0.93734439215	
12	71381296	71421293	4	2	2	0.83	0.478159518953	0.93734439215	
12	71421294	73420828	3	1	2	1	0.663299663299	0.584962500721	
12	73420829	73441100	4	2	2	1	0.5	1.0	
12	73441101	74275332	3	1	2	1	0.663299663299	0.584962500721	
12	74275333	74336140	4	2	2	1	0.5	1.0	
12	74336141	75162481	2	1	1	1	0.643506470356	0.500802053057	
12	74336141	75162481	3	1	2	0.83	0.643506470356	0.500802053057	
12	75162482	75259719	4	2	2	1	0.5	1.0	
12	75259720	78085556	3	1	2	1	0.663299663299	0.584962500721	
12	78085557	78304082	4	2	2	1	0.5	1.0	
12	78304083	78643303	2	1	1	1	0.643506470356	0.500802053057	
12	78304083	78643303	3	1	2	0.83	0.643506470356	0.500802053057	
12	78643304	78678337	4	2	2	1	0.5	1.0	
12	78678338	78994654	3	1	2	1	0.663299663299	0.584962500721	
12	78994655	79078036	3	2	1	1	0.478159518953	0.93734439215	
12	78994655	79078036	4	2	2	0.83	0.478159518953	0.93734439215	
12	79078037	79777149	3	1	2	1	0.663299663299	0.584962500721	
12	79777150	80247397	3	2	1	1	0.478159518953	0.93734439215	
12	79777150	80247397	4	2	2	0.83	0.478159518953	0.93734439215	
12	80247398	82466896	3	1	2	1	0.663299663299	0.584962500721	
12	82466897	82490651	4	2	2	1	0.5	1.0	
12	82490652	82638121	3	1	2	1	0.663299663299	0.584962500721	
12	82638122	83408174	4	2	2	1	0.5	1.0	
12	83408175	84140854	3	1	2	1	0.663299663299	0.584962500721	
12	84140855	84158564	4	2	2	1	0.5	1.0	
12	84158565	85752340	3	1	2	1	0.663299663299	0.584962500721	
12	85752341	85842088	4	2	2	1	0.5	1.0	
12	85842089	88355159	3	1	2	1	0.663299663299	0.584962500721	
12	88355160	88430768	3	2	1	1	0.478159518953	0.93734439215	
12	88355160	88430768	4	2	2	0.83	0.478159518953	0.93734439215	
12	88430769	91514686	3	1	2	1	0.663299663299	0.584962500721	
12	91514687	91544549	3	2	1	1	0.478159518953	0.93734439215	
12	91514687	91544549	4	2	2	0.83	0.478159518953	0.93734439215	
12	91544550	92668412	3	1	2	1	0.663299663299	0.584962500721	
12	92668413	92848204	3	2	1	1	0.478159518953	0.93734439215	
12	92668413	92848204	4	2	2	0.83	0.478159518953	0.93734439215	
12	92848205	93222822	3	1	2	1	0.663299663299	0.584962500721	
12	93222823	93322595	6	3	3	1	0.5	1.58496250072	
12	93322596	97284425	3	1	2	1	0.663299663299	0.584962500721	
12	97284426	97467955	4	2	2	1	0.5	1.0	
12	97467956	97932789	2	1	1	1	0.643506470356	0.500802053057	
12	97467956	97932789	3	1	2	0.83	0.643506470356	0.500802053057	
12	97932790	97971783	4	2	2	1	0.5	1.0	
12	97971784	99641050	2	1	1	1	0.643506470356	0.500802053057	
12	97971784	99641050	3	1	2	0.83	0.643506470356	0.500802053057	
12	99641051	99781143	4	2	2	1	0.5	1.0	
12	99781144	100539492	2	1	1	1	0.643506470356	0.500802053057	
12	99781144	100539492	3	1	2	0.83	0.643506470356	0.500802053057	
12	100539493	100703125	4	2	2	1	0.5	1.0	
12	100703126	101787607	2	1	1	1	0.643506470356	0.500802053057	
12	100703126	101787607	3	1	2	0.83	0.643506470356	0.500802053057	
12	101787608	102020613	4	2	2	1	0.5	1.0	
12	102020614	102493906	3	1	2	1	0.663299663299	0.584962500721	
12	102493907	102711033	4	2	2	1	0.5	1.0	
12	102711034	103538906	3	1	2	1	0.663299663299	0.584962500721	
12	103538907	103784335	4	2	2	1	0.5	1.0	
12	103784336	105616987	2	1	1	1	0.643506470356	0.500802053057	
12	103784336	105616987	3	1	2	0.83	0.643506470356	0.500802053057	
12	105616988	105779702	5	1	4	1	0.796334012222	1.32192809489	
12	105779703	106282147	3	1	2	1	0.663299663299	0.584962500721	
12	106282148	106300772	4	2	2	1	0.5	1.0	
12	106300773	106594588	2	1	1	1	0.643506470356	0.500802053057	
12	106300773	106594588	3	1	2	0.83	0.643506470356	0.500802053057	
12	106594589	106718005	4	2	2	1	0.5	1.0	
12	106718006	109875505	2	1	1	1	0.643506470356	0.500802053057	
12	106718006	109875505	3	1	2	0.83	0.643506470356	0.500802053057	
12	109875506	111177598	4	2	2	1	0.5	1.0	
12	111177599	118852014	3	1	2	1	0.663299663299	0.584962500721	
12	118852015	119472766	4	2	2	1	0.5	1.0	
12	119472767	121575734	2	1	1	1	0.643506470356	0.500802053057	
12	119472767	121575734	3	1	2	0.83	0.643506470356	0.500802053057	
12	121575735	121837698	5	1	4	1	0.796334012222	1.32192809489	
12	121837699	122063050	4	2	2	1	0.5	1.0	
12	122063051	126003326	2	1	1	1	0.643506470356	0.500802053057	
12	122063051	126003326	3	1	2	0.83	0.643506470356	0.500802053057	
12	126003327	126061407	4	2	2	1	0.5	1.0	
12	126061408	126438803	2	1	1	1	0.643506470356	0.500802053057	
12	126061408	126438803	3	1	2	0.83	0.643506470356	0.500802053057	
12	126438804	126450017	4	2	2	1	0.5	1.0	
12	126450018	126645700	2	1	1	1	0.643506470356	0.500802053057	
12	126450018	126645700	3	1	2	0.83	0.643506470356	0.500802053057	
12	126645701	127055762	4	2	2	1	0.5	1.0	
12	127055763	128409901	3	1	2	1	0.663299663299	0.584962500721	
12	128409902	128492379	4	2	2	1	0.5	1.0	
12	128492380	128676743	3	1	2	1	0.663299663299	0.584962500721	
12	128676744	128702253	3	2	1	1	0.478159518953	0.93734439215	
12	128676744	128702253	4	2	2	0.83	0.478159518953	0.93734439215	
12	128702254	131809435	3	1	2	1	0.663299663299	0.584962500721	
12	131809436	133313416	2	1	1	1	0.836890116328	-0.773491470191	
12	131809436	133313416	1	0	1	0.83	0.836890116328	-0.773491470191	
13	16300000	24946602	3	2	1	1	0.478159518953	0.93734439215	
13	16300000	24946602	4	2	2	0.83	0.478159518953	0.93734439215	
13	24946603	45401887	2	0	2	1	0.985000000004	0.0	
13	45401888	60424563	3	2	1	1	0.478159518953	0.93734439215	
13	45401888	60424563	4	2	2	0.83	0.478159518953	0.93734439215	
13	60424564	95430671	4	1	3	1	0.7461928934	1.0	
13	95430672	114948294	3	2	1	1	0.478159518953	0.93734439215	
13	95430672	114948294	4	2	2	0.83	0.478159518953	0.93734439215	
14	19100000	20425050	4	1	3	1	0.7461928934	1.0	
14	20425051	47431796	3	1	2	1	0.663299663299	0.584962500721	
14	47431797	47529364	4	2	2	1	0.5	1.0	
14	47529365	75402138	2	1	1	1	0.643506470356	0.500802053057	
14	47529365	75402138	3	1	2	0.83	0.643506470356	0.500802053057	
14	75402139	75549311	4	2	2	1	0.5	1.0	
14	75549312	75605592	1	0	1	1	0.983652117046	-0.128156351491	
14	75549312	75605592	2	0	2	0.83	0.983652117046	-0.128156351491	
14	75605593	106172499	3	0	3	1	0.989898989896	0.584962500721	
14	106172500	106737430	4	1	3	1	0.937828957858	0.664482840365	
14	106172500	106737430	3	0	3	0.83	0.937828957858	0.664482840365	
15	15800000	20699999	4	2	2	1	0.5	1.0	
15	20700000	22765755	4	1	3	1	0.7461928934	1.0	
15	22765756	22943249	6	2	4	1	0.664965986397	1.58496250072	
15	22943250	89855163	3	2	1	1	0.478159518953	0.93734439215	
15	22943250	89855163	4	2	2	0.83	0.478159518953	0.93734439215	
15	89855164	90154478	4	2	2	1	0.5	1.0	
15	90154479	102165930	3	2	1	1	0.478159518953	0.93734439215	
15	90154479	102165930	4	2	2	0.83	0.478159518953	0.93734439215	
16	88688	50771845	3	1	2	1	0.663299663299	0.584962500721	
16	50771846	90354752	3	1	2	1	0.663299663299	0.584962500721	
17	3231	13142300	2	0	2	1	0.985000000004	0.0	
17	13142301	19725867	3	1	2	1	0.663299663299	0.584962500721	
17	19725868	21527499	2	0	2	1	0.985000000004	0.0	
17	21527500	36474600	4	2	2	1	0.5	1.0	
17	36474601	43330703	2	1	1	1	0.643506470356	0.500802053057	
17	36474601	43330703	3	1	2	0.83	0.643506470356	0.500802053057	
17	43330704	46915356	4	2	2	1	0.5	1.0	
17	46915357	47213136	5	2	3	1	0.598778004073	1.32192809489	
17	47213137	73118732	3	2	1	1	0.478159518953	0.93734439215	
17	47213137	73118732	4	2	2	0.83	0.478159518953	0.93734439215	
17	73118733	73323112	4	2	2	1	0.5	1.0	
17	73323113	81195209	3	2	1	1	0.478159518953	0.93734439215	
17	73323113	81195209	4	2	2	0.83	0.478159518953	0.93734439215	
18	12500	2790150	5	2	3	1	0.598778004073	1.32192809489	
18	2790151	5487760	6	2	4	1	0.664965986397	1.58496250072	
18	5487761	30106516	3	2	1	1	0.478159518953	0.93734439215	
18	5487761	30106516	4	2	2	0.83	0.478159518953	0.93734439215	
18	30106517	30284297	6	2	4	1	0.664965986397	1.58496250072	
18	30284298	59843791	3	1	2	1	0.663299663299	0.584962500721	
18	59843792	78077247	3	1	2	1	0.663299663299	0.584962500721	
19	97500	24399999	4	2	2	1	0.5	1.0	
19	24400000	28599999	5	2	3	1	0.598778004073	1.32192809489	
19	28600000	46912888	5	1	4	1	0.796334012222	1.32192809489	
19	46912889	59128982	5	1	4	1	0.796334012222	1.32192809489	
20	62500	265850	4	2	2	1	0.5	1.0	
20	265851	451397	5	1	4	1	0.796334012222	1.32192809489	
20	451398	13173514	3	1	2	1	0.663299663299	0.584962500721	
20	13173515	15065444	4	2	2	1	0.5	1.0	
20	15065445	15434763	3	1	2	1	0.663299663299	0.584962500721	
20	15434764	36369648	3	2	1	1	0.478159518953	0.93734439215	
20	15434764	36369648	4	2	2	0.83	0.478159518953	0.93734439215	
20	36369649	36402548	5	1	4	1	0.796334012222	1.32192809489	
20	36402549	40683945	4	2	2	1	0.5	1.0	
20	40683946	40745894	8	2	6	1	0.748081841432	2.0	
20	40745895	62855076	3	2	1	1	0.478159518953	0.93734439215	
20	40745895	62855076	4	2	2	0.83	0.478159518953	0.93734439215	
21	1	20441488	4	2	2	1	0.5	1.0	
21	20441489	25712451	2	1	1	1	0.643506470356	0.500802053057	
21	20441489	25712451	3	1	2	0.83	0.643506470356	0.500802053057	
21	25712452	25788989	3	1	2	1	0.663299663299	0.584962500721	
21	25788990	48129894	3	1	2	1	0.663299663299	0.584962500721	
22	12200000	39720290	1	0	1	1	0.983652117046	-0.128156351491	
22	12200000	39720290	2	0	2	0.83	0.983652117046	-0.128156351491	
22	39720291	39978532	2	0	2	1	0.985000000004	0.0	
22	39978533	51304565	3	1	2	1	0.909972747011	0.11769504267	
22	39978533	51304565	2	0	2	0.83	0.909972747011	0.11769504267	
