chromosome	start	end	copy_number	minor_cn	major_cn	ccf	baf	logr	
1	1	51084143	1	0	1	1	0.775193798447	-1.0	
1	51084144	51469280	0	0	0	1	0.500000000001	-inf	
1	51469281	249250620	1	0	1	1	0.775193798447	-1.0	
2	23368	125064363	1	0	1	1	0.775193798447	-1.0	
2	125064364	125221560	1	0	1	1	0.775193798447	-1.0	
2	125221561	243199372	1	0	1	1	0.775193798447	-1.0	
3	62763	198022429	2	1	1	1	0.5	0.0	
4	11870	190834723	2	1	1	1	0.5	0.0	
5	146311	798662	1	0	1	1	0.775193798447	-1.0	
5	798663	1045229	0	0	0	1	0.500000000001	-inf	
5	1045230	1200142	3	1	2	1	0.630996309964	0.584962500721	
5	1200143	1214820	5	1	4	1	0.757869249395	1.32192809489	
5	1214821	1601452	3	1	2	1	0.630996309964	0.584962500721	
5	1601453	2839737	1	0	1	1	0.775193798447	-1.0	
5	2839738	3255215	2	1	1	1	0.5	0.0	
5	3255216	4964792	1	0	1	1	0.775193798447	-1.0	
5	4964793	5010777	3	1	2	1	0.630996309964	0.584962500721	
5	5010778	5061216	1	0	1	1	0.775193798447	-1.0	
5	5061217	5112973	3	1	2	1	0.630996309964	0.584962500721	
5	5112974	5355318	1	0	1	1	0.775193798447	-1.0	
5	5355319	5447937	2	1	1	1	0.5	0.0	
5	5447938	5499591	1	0	1	1	0.775193798447	-1.0	
5	5499592	6106819	2	1	1	1	0.5	0.0	
5	6106820	6382300	3	1	2	1	0.630996309964	0.584962500721	
5	6382301	6796267	2	1	1	1	0.5	0.0	
5	6796268	6809305	1	0	1	1	0.775193798447	-1.0	
5	6809306	6831356	3	1	2	1	0.630996309964	0.584962500721	
5	6831357	6981409	1	0	1	1	0.775193798447	-1.0	
5	6981410	7217095	2	1	1	1	0.5	0.0	
5	7217096	7517718	3	1	2	1	0.630996309964	0.584962500721	
5	7517719	7535728	2	1	1	1	0.5	0.0	
5	7535729	7575905	1	0	1	1	0.775193798447	-1.0	
5	7575906	7739608	3	1	2	1	0.630996309964	0.584962500721	
5	7739609	7853573	1	0	1	1	0.775193798447	-1.0	
5	7853574	8332886	2	1	1	1	0.5	0.0	
5	8332887	8366394	1	0	1	1	0.775193798447	-1.0	
5	8366395	9548795	2	1	1	1	0.5	0.0	
5	9548796	9928527	1	0	1	1	0.775193798447	-1.0	
5	9928528	10161198	3	1	2	1	0.630996309964	0.584962500721	
5	10161199	10192787	1	0	1	1	0.775193798447	-1.0	
5	10192788	10385304	3	1	2	1	0.630996309964	0.584962500721	
5	10385305	11633613	2	1	1	1	0.5	0.0	
5	11633614	17995812	3	1	2	1	0.630996309964	0.584962500721	
5	17995813	18149247	2	1	1	1	0.5	0.0	
5	18149248	19101017	1	0	1	1	0.775193798447	-1.0	
5	19101018	19385696	2	1	1	1	0.5	0.0	
5	19385697	19651131	3	1	2	1	0.630996309964	0.584962500721	
5	19651132	20075457	4	1	3	1	0.707602339181	1.0	
5	20075458	20436045	2	1	1	1	0.5	0.0	
5	20436046	20604942	3	1	2	1	0.630996309964	0.584962500721	
5	20604943	20632942	1	0	1	1	0.775193798447	-1.0	
5	20632943	20952276	2	1	1	1	0.5	0.0	
5	20952277	23405834	1	0	1	1	0.775193798447	-1.0	
5	23405835	23432710	3	1	2	1	0.630996309964	0.584962500721	
5	23432711	25366194	1	0	1	1	0.775193798447	-1.0	
5	25366195	25471837	3	1	2	1	0.630996309964	0.584962500721	
5	25471838	25822164	1	0	1	1	0.775193798447	-1.0	
5	25822165	25961243	3	1	2	1	0.630996309964	0.584962500721	
5	25961244	26239553	1	0	1	1	0.775193798447	-1.0	
5	26239554	26425302	3	1	2	1	0.630996309964	0.584962500721	
5	26425303	26982817	1	0	1	1	0.775193798447	-1.0	
5	26982818	27619857	2	1	1	1	0.5	0.0	
5	27619858	28276801	1	0	1	1	0.775193798447	-1.0	
5	28276802	28522954	3	1	2	1	0.630996309964	0.584962500721	
5	28522955	32592349	1	0	1	1	0.775193798447	-1.0	
5	32592350	32685926	2	1	1	1	0.5	0.0	
5	32685927	33492171	1	0	1	1	0.775193798447	-1.0	
5	33492172	180915259	2	1	1	1	0.5	0.0	
6	205800	170909512	1	0	1	1	0.775193798447	-1.0	
7	15752	159138662	2	1	1	1	0.5	0.0	
8	155737	53984763	1	0	1	1	0.775193798447	-1.0	
8	53984764	137900332	2	0	2	1	0.855000000002	0.0	
8	137900333	138012810	2	0	2	1	0.855000000002	0.0	
8	138012811	146364021	2	0	2	1	0.855000000002	0.0	
9	215511	141031439	2	1	1	1	0.5	0.0	
10	126822	135534746	1	0	1	1	0.775193798447	-1.0	
11	1	135006515	2	1	1	1	0.5	0.0	
12	202094	133851894	2	1	1	1	0.5	0.0	
13	16300000	115169877	1	0	1	1	0.775193798447	-1.0	
15	15800000	63792573	2	1	1	1	0.5	0.0	
15	63792574	63908141	2	1	1	1	0.5	0.0	
15	63908142	102531391	2	1	1	1	0.5	0.0	
16	85650	90354752	2	1	1	1	0.5	0.0	
17	29614	81195209	1	0	1	1	0.775193798447	-1.0	
18	128431	78077247	2	1	1	1	0.5	0.0	
19	226776	59128982	2	1	1	1	0.5	0.0	
20	65900	14043602	2	1	1	1	0.5	0.0	
20	14043603	14627070	1	0	1	1	0.775193798447	-1.0	
20	14627071	63025519	2	1	1	1	0.5	0.0	
22	12200000	39453848	2	1	1	1	0.5	0.0	
22	39453849	39720102	1	0	1	1	0.775193798447	-1.0	
22	39720103	44062784	2	0	2	1	0.855000000002	0.0	
22	44062785	45308930	2	1	1	1	0.5	0.0	
22	45308931	51029255	2	1	1	1	0.5	0.0	
