chromosome	start	end	copy_number	minor_cn	major_cn	ccf	baf	logr	
1	17500	8099404	2	1	1	1	0.500000000001	0.0	
1	8099405	8445431	2	1	1	1	0.565009352299	0.384049806795	
1	8099405	8445431	3	1	2	0.61	0.565009352299	0.384049806795	
1	8445432	10468810	2	1	1	1	0.500000000001	0.0	
1	10468811	10516903	3	1	2	1	0.598393574297	0.584962500721	
1	10516904	11903390	2	1	1	1	0.500000000001	0.0	
1	11903391	12036376	3	2	1	1	0.465739180322	0.851998837112	
1	11903391	12036376	4	2	2	0.61	0.465739180322	0.851998837112	
1	12036377	19297099	2	1	1	1	0.500000000001	0.0	
1	19297100	19401245	3	1	2	1	0.598393574297	0.584962500721	
1	19401246	29394990	2	1	1	1	0.500000000001	0.0	
1	29394991	29533816	2	1	1	1	0.586178357128	0.510961919277	
1	29394991	29533816	3	1	2	0.85	0.586178357128	0.510961919277	
1	29533817	45093328	2	1	1	1	0.500000000001	0.0	
1	45093329	45119176	3	1	2	1	0.598393574297	0.584962500721	
1	45119177	48365440	2	1	1	1	0.500000000001	0.0	
1	48365441	48400994	2	1	1	1	0.587854917407	-0.524915117051	
1	48365441	48400994	1	0	1	0.61	0.587854917407	-0.524915117051	
1	48400995	54434762	2	1	1	1	0.500000000001	0.0	
1	54434763	54500360	3	1	2	1	0.598393574297	0.584962500721	
1	54500361	55426466	2	1	1	1	0.500000000001	0.0	
1	55426467	55454313	2	1	1	1	0.524466213326	0.144046369617	
1	55426467	55454313	3	1	2	0.21	0.524466213326	0.144046369617	
1	55454314	204153566	2	1	1	1	0.500000000001	0.0	
1	204153567	204185081	3	1	2	1	0.598393574297	0.584962500721	
1	204185082	215788599	2	1	1	1	0.500000000001	0.0	
1	215788600	215842949	4	1	3	1	0.664429530202	1.0	
1	215842950	248548945	2	1	1	1	0.500000000001	0.0	
2	35929	9864742	2	1	1	1	0.500000000001	0.0	
2	9864743	10545269	2	1	1	1	0.586178357128	0.510961919277	
2	9864743	10545269	3	1	2	0.85	0.586178357128	0.510961919277	
2	10545270	48452072	2	1	1	1	0.500000000001	0.0	
2	48452073	48482567	3	1	2	1	0.598393574297	0.584962500721	
2	48482568	62313287	2	1	1	1	0.500000000001	0.0	
2	62313288	62746878	2	1	1	1	0.565009352299	0.384049806795	
2	62313288	62746878	3	1	2	0.61	0.565009352299	0.384049806795	
2	62746879	62952262	4	2	2	1	0.5	1.0	
2	62952263	85946074	2	1	1	1	0.500000000001	0.0	
2	85946075	86002302	2	1	1	1	0.565009352299	0.384049806795	
2	85946075	86002302	3	1	2	0.61	0.565009352299	0.384049806795	
2	86002303	112844459	2	1	1	1	0.500000000001	0.0	
2	112844460	113312135	3	1	2	1	0.598393574297	0.584962500721	
2	113312136	192000758	2	1	1	1	0.500000000001	0.0	
2	192000759	192080905	3	1	2	1	0.598393574297	0.584962500721	
2	192080906	216934641	2	1	1	1	0.500000000001	0.0	
2	216934642	217017334	3	1	2	1	0.598393574297	0.584962500721	
2	217017335	241819874	2	1	1	1	0.500000000001	0.0	
2	241819875	242275749	2	1	1	1	0.586178357128	0.510961919277	
2	241819875	242275749	3	1	2	0.85	0.586178357128	0.510961919277	
2	242275750	243041569	2	1	1	1	0.500000000001	0.0	
3	93078	4667470	2	1	1	1	0.500000000001	0.0	
3	4667471	5034979	1	0	1	1	0.662251655631	-1.0	
3	5034980	10578664	2	1	1	1	0.500000000001	0.0	
3	10578665	10629770	3	1	2	1	0.598393574297	0.584962500721	
3	10629771	24250444	2	1	1	1	0.500000000001	0.0	
3	24250445	24735390	3	1	2	1	0.598393574297	0.584962500721	
3	24735391	125980903	2	1	1	1	0.500000000001	0.0	
3	125980904	126152923	2	1	1	1	0.565009352299	0.384049806795	
3	125980904	126152923	3	1	2	0.61	0.565009352299	0.384049806795	
3	126152924	172197128	2	1	1	1	0.500000000001	0.0	
3	172197129	172222192	3	1	2	1	0.598393574297	0.584962500721	
3	172222193	172350026	4	1	3	1	0.664429530202	1.0	
3	172350027	172385279	3	1	2	1	0.598393574297	0.584962500721	
3	172385280	197836780	2	1	1	1	0.500000000001	0.0	
4	9997	15469298	2	1	1	1	0.500000000001	0.0	
4	15469299	15560267	2	1	1	1	0.586178357128	0.510961919277	
4	15469299	15560267	3	1	2	0.85	0.586178357128	0.510961919277	
4	15560268	39378877	2	1	1	1	0.500000000001	0.0	
4	39378878	39426432	3	1	2	1	0.598393574297	0.584962500721	
4	39426433	39574222	4	2	2	1	0.5	1.0	
4	39574223	69713118	2	1	1	1	0.500000000001	0.0	
4	69713119	70182607	3	1	2	1	0.598393574297	0.584962500721	
4	70182608	74989334	2	1	1	1	0.500000000001	0.0	
4	74989335	156756122	2	1	1	1	0.631512472373	-0.79836613883	
4	74989335	156756122	1	0	1	0.85	0.631512472373	-0.79836613883	
4	156756123	185751126	2	1	1	1	0.500000000001	0.0	
4	185751127	185801571	3	1	2	1	0.598393574297	0.584962500721	
4	185801572	185913720	2	1	1	1	0.500000000001	0.0	
4	185913721	185924450	1	0	1	1	0.662251655631	-1.0	
4	185924451	191154275	2	1	1	1	0.631512472373	-0.79836613883	
4	185924451	191154275	1	0	1	0.85	0.631512472373	-0.79836613883	
5	20510	919413	2	1	1	1	0.500000000001	0.0	
5	919414	1312192	3	1	2	1	0.598393574297	0.584962500721	
5	1312193	10270733	2	1	1	1	0.500000000001	0.0	
5	10270734	10365560	3	1	2	1	0.598393574297	0.584962500721	
5	10365561	54804975	2	1	1	1	0.500000000001	0.0	
5	54804976	54982123	2	1	1	1	0.524466213326	0.144046369617	
5	54804976	54982123	3	1	2	0.21	0.524466213326	0.144046369617	
5	54982124	60424870	2	1	1	1	0.500000000001	0.0	
5	60424871	60883810	3	1	2	1	0.598393574297	0.584962500721	
5	60883811	114834536	2	1	1	1	0.500000000001	0.0	
5	114834537	115180171	4	1	3	1	0.664429530202	1.0	
5	115180172	115290216	2	1	1	1	0.586178357128	0.510961919277	
5	115180172	115290216	3	1	2	0.85	0.586178357128	0.510961919277	
5	115290217	131809758	2	1	1	1	0.500000000001	0.0	
5	131809759	131833987	4	1	3	1	0.664429530202	1.0	
5	131833988	139727164	2	1	1	1	0.500000000001	0.0	
5	139727165	140200126	2	1	1	1	0.524466213326	0.144046369617	
5	139727165	140200126	3	1	2	0.21	0.524466213326	0.144046369617	
5	140200127	172065530	2	1	1	1	0.500000000001	0.0	
5	172065531	172270771	3	1	2	1	0.598393574297	0.584962500721	
5	172270772	172917026	2	1	1	1	0.500000000001	0.0	
5	172917027	173575151	2	1	1	1	0.586178357128	0.510961919277	
5	172917027	173575151	3	1	2	0.85	0.586178357128	0.510961919277	
5	173575152	176065777	2	1	1	1	0.500000000001	0.0	
5	176065778	176726937	3	1	2	1	0.598393574297	0.584962500721	
5	176726938	176928125	5	1	4	1	0.71181556196	1.32192809489	
5	176928126	180715587	2	1	1	1	0.500000000001	0.0	
6	204484	35615538	3	1	2	1	0.598393574297	0.584962500721	
6	35615539	35653556	5	1	4	1	0.778909526663	1.13422093976	
6	35615539	35653556	4	0	4	0.61	0.778909526663	1.13422093976	
6	35653557	35729029	6	1	5	1	0.747474747475	1.58496250072	
6	35729030	35804110	4	1	3	1	0.664429530202	1.0	
6	35804111	36004806	3	1	2	1	0.598393574297	0.584962500721	
6	36004807	39229090	2	1	1	1	0.500000000001	0.0	
6	39229091	39244705	2	1	1	1	0.524466213326	0.144046369617	
6	39229091	39244705	3	1	2	0.21	0.524466213326	0.144046369617	
6	39244706	43677246	2	1	1	1	0.500000000001	0.0	
6	43677247	43703974	3	1	2	1	0.598393574297	0.584962500721	
6	43703975	43906910	4	1	3	1	0.664429530202	1.0	
6	43906911	44165977	3	1	2	1	0.598393574297	0.584962500721	
6	44165978	135148659	2	1	1	1	0.500000000001	0.0	
6	135148660	135200621	4	1	3	1	0.664429530202	1.0	
6	135200622	142545828	2	1	1	1	0.500000000001	0.0	
6	142545829	142605658	2	1	1	1	0.500000000001	0.0	
6	142605659	170915126	2	1	1	1	0.500000000001	0.0	
7	42500	95687622	2	1	1	1	0.500000000001	0.0	
7	95687623	96300117	3	1	2	1	0.598393574297	0.584962500721	
7	96300118	159138662	2	1	1	1	0.500000000001	0.0	
8	161559	3531666	2	1	1	1	0.500000000001	0.0	
8	3531667	3649382	1	0	1	1	0.662251655631	-1.0	
8	3649383	3743956	2	1	1	1	0.500000000001	0.0	
8	3743957	3878120	2	1	1	1	0.631512472373	-0.79836613883	
8	3743957	3878120	1	0	1	0.85	0.631512472373	-0.79836613883	
8	3878121	17433288	2	1	1	1	0.500000000001	0.0	
8	17433289	17467916	3	1	2	1	0.598393574297	0.584962500721	
8	17467917	18352041	2	1	1	1	0.500000000001	0.0	
8	18352042	18684935	2	1	1	1	0.631512472373	-0.79836613883	
8	18352042	18684935	1	0	1	0.85	0.631512472373	-0.79836613883	
8	18684936	26489594	2	1	1	1	0.500000000001	0.0	
8	26489595	26676903	3	1	2	1	0.598393574297	0.584962500721	
8	26676904	27303784	2	1	1	1	0.500000000001	0.0	
8	27303785	27334868	2	1	1	1	0.586178357128	0.510961919277	
8	27303785	27334868	3	1	2	0.85	0.586178357128	0.510961919277	
8	27334869	42069125	2	1	1	1	0.500000000001	0.0	
8	42069126	42740030	3	1	2	1	0.598393574297	0.584962500721	
8	42740031	86981815	2	1	1	1	0.500000000001	0.0	
8	86981816	87694275	3	1	2	1	0.598393574297	0.584962500721	
8	87694276	123372940	2	1	1	1	0.500000000001	0.0	
8	123372941	124062476	3	1	2	1	0.598393574297	0.584962500721	
8	124062477	126366436	2	1	1	1	0.500000000001	0.0	
8	126366437	126489061	2	1	1	1	0.500000000001	0.0	
8	126489062	146364021	2	1	1	1	0.500000000001	0.0	
9	10001	646761	2	1	1	1	0.500000000001	0.0	
9	646762	692918	2	1	1	1	0.586178357128	0.510961919277	
9	646762	692918	3	1	2	0.85	0.586178357128	0.510961919277	
9	692919	21848092	2	1	1	1	0.500000000001	0.0	
9	21848093	22065231	1	0	1	1	0.662251655631	-1.0	
9	22065232	33933135	2	1	1	1	0.500000000001	0.0	
9	33933136	34343918	3	1	2	1	0.598393574297	0.584962500721	
9	34343919	37405897	2	1	1	1	0.500000000001	0.0	
9	37405898	37422374	3	1	2	1	0.598393574297	0.584962500721	
9	37422375	75502446	2	1	1	1	0.500000000001	0.0	
9	75502447	75635649	2	1	1	1	0.586178357128	0.510961919277	
9	75502447	75635649	3	1	2	0.85	0.586178357128	0.510961919277	
9	75635650	75678063	4	1	3	1	0.664429530202	1.0	
9	75678064	75707561	2	1	1	1	0.565009352299	0.384049806795	
9	75678064	75707561	3	1	2	0.61	0.565009352299	0.384049806795	
9	75707562	91856329	2	1	1	1	0.500000000001	0.0	
9	91856330	92452951	3	1	2	1	0.598393574297	0.584962500721	
9	92452952	131244669	2	1	1	1	0.500000000001	0.0	
9	131244670	131664164	3	1	2	1	0.598393574297	0.584962500721	
9	131664165	136856518	2	1	1	1	0.500000000001	0.0	
9	136856519	136938425	3	2	1	1	0.487355926372	0.944858445808	
9	136856519	136938425	4	2	2	0.85	0.487355926372	0.944858445808	
9	136938426	137145578	3	1	2	1	0.598393574297	0.584962500721	
9	137145579	137184060	47	1	46	1	0.958419958418	4.55458885168	
9	137184061	137459869	2	1	1	1	0.524466213326	0.144046369617	
9	137184061	137459869	3	1	2	0.21	0.524466213326	0.144046369617	
9	137459870	140491968	2	1	1	1	0.500000000001	0.0	
10	94426	11782984	2	1	1	1	0.500000000001	0.0	
10	11782985	11822472	3	1	2	1	0.598393574297	0.584962500721	
10	11822473	89975671	2	1	1	1	0.500000000001	0.0	
10	89975672	96377317	2	1	1	1	0.565009352299	0.384049806795	
10	89975672	96377317	3	1	2	0.61	0.565009352299	0.384049806795	
10	96377318	96455826	4	1	3	1	0.664429530202	1.0	
10	96455827	102088887	3	1	2	1	0.598393574297	0.584962500721	
10	102088888	102128210	4	1	3	1	0.664429530202	1.0	
10	102128211	113844764	2	1	1	1	0.500000000001	0.0	
10	113844765	113869434	3	1	2	1	0.598393574297	0.584962500721	
10	113869435	114088460	4	1	3	1	0.664429530202	1.0	
10	114088461	114129645	2	1	1	1	0.575857827544	0.448900951145	
10	114088461	114129645	3	1	2	0.73	0.575857827544	0.448900951145	
10	114129646	135534746	2	1	1	1	0.500000000001	0.0	
11	202253	22664529	2	1	1	1	0.500000000001	0.0	
11	22664530	22871752	1	0	1	1	0.662251655631	-1.0	
11	22871753	68700368	2	1	1	1	0.500000000001	0.0	
11	68700369	68826352	2	1	1	1	0.524466213326	0.144046369617	
11	68700369	68826352	3	1	2	0.21	0.524466213326	0.144046369617	
11	68826353	69789235	2	1	1	1	0.500000000001	0.0	
11	69789236	69815197	3	1	2	1	0.598393574297	0.584962500721	
11	69815198	111870995	2	1	1	1	0.500000000001	0.0	
11	111870996	116720732	2	1	1	1	0.587854917407	-0.524915117051	
11	111870996	116720732	1	0	1	0.61	0.587854917407	-0.524915117051	
11	116720733	120036848	2	1	1	1	0.500000000001	0.0	
11	120036849	120064611	2	1	1	1	0.500000000001	0.0	
11	120064612	135006515	2	1	1	1	0.500000000001	0.0	
12	67500	26675018	2	1	1	1	0.500000000001	0.0	
12	26675019	26928985	1	0	1	1	0.662251655631	-1.0	
12	26928986	53544659	2	1	1	1	0.500000000001	0.0	
12	53544660	53676096	3	1	2	1	0.598393574297	0.584962500721	
12	53676097	54782504	2	1	1	1	0.500000000001	0.0	
12	54782505	69433224	2	1	1	1	0.586178357128	0.510961919277	
12	54782505	69433224	3	1	2	0.85	0.586178357128	0.510961919277	
12	69433225	69522918	5	1	4	1	0.71181556196	1.32192809489	
12	69522919	89763249	2	1	1	1	0.565009352299	0.384049806795	
12	69522919	89763249	3	1	2	0.61	0.565009352299	0.384049806795	
12	89763250	89797861	6	1	5	1	0.747474747475	1.58496250072	
12	89797862	102711000	3	1	2	1	0.598393574297	0.584962500721	
12	102711001	102760257	4	2	2	1	0.5	1.0	
12	102760258	122615812	2	1	1	1	0.586178357128	0.510961919277	
12	102760258	122615812	3	1	2	0.85	0.586178357128	0.510961919277	
12	122615813	122690124	4	2	2	1	0.5	1.0	
12	122690125	123758164	2	1	1	1	0.586178357128	0.510961919277	
12	122690125	123758164	3	1	2	0.85	0.586178357128	0.510961919277	
12	123758165	123956218	2	1	1	1	0.500000000001	0.0	
12	123956219	133851894	2	1	1	1	0.500000000001	0.0	
13	16300000	49534479	2	1	1	1	0.500000000001	0.0	
13	49534480	50135411	2	1	1	1	0.500000000001	0.0	
13	50135412	114999838	2	1	1	1	0.500000000001	0.0	
14	16100000	21437796	2	1	1	1	0.500000000001	0.0	
14	21437797	21480341	3	1	2	1	0.598393574297	0.584962500721	
14	21480342	21536961	5	1	4	1	0.71181556196	1.32192809489	
14	21536962	21605577	3	1	2	1	0.598393574297	0.584962500721	
14	21605578	24244517	2	1	1	1	0.500000000001	0.0	
14	24244518	24514712	2	1	1	1	0.586178357128	0.510961919277	
14	24244518	24514712	3	1	2	0.85	0.586178357128	0.510961919277	
14	24514713	24542014	4	2	2	1	0.5	1.0	
14	24542015	24912620	3	1	2	1	0.598393574297	0.584962500721	
14	24912621	35714803	2	1	1	1	0.500000000001	0.0	
14	35714804	35825138	2	1	1	1	0.586178357128	0.510961919277	
14	35714804	35825138	3	1	2	0.85	0.586178357128	0.510961919277	
14	35825139	35871371	4	1	3	1	0.664429530202	1.0	
14	35871372	69739083	2	1	1	1	0.500000000001	0.0	
14	69739084	70213658	2	1	1	1	0.586178357128	0.510961919277	
14	69739084	70213658	3	1	2	0.85	0.586178357128	0.510961919277	
14	70213659	70245855	5	1	4	1	0.71181556196	1.32192809489	
14	70245856	70315196	2	1	1	1	0.500000000001	0.0	
14	70315197	70352872	3	2	1	1	0.465739180322	0.851998837112	
14	70315197	70352872	4	2	2	0.61	0.465739180322	0.851998837112	
14	70352873	106362500	2	1	1	1	0.500000000001	0.0	
15	15800000	66084013	2	1	1	1	0.500000000001	0.0	
15	66084014	66127045	3	1	2	1	0.598393574297	0.584962500721	
15	66127046	102308273	2	1	1	1	0.500000000001	0.0	
16	90538	22165417	2	1	1	1	0.500000000001	0.0	
16	22165418	22214145	3	2	1	1	0.487355926372	0.944858445808	
16	22165418	22214145	4	2	2	0.85	0.487355926372	0.944858445808	
16	22214146	72272793	2	1	1	1	0.500000000001	0.0	
16	72272794	78484594	1	0	1	1	0.662251655631	-1.0	
16	78484595	78909610	1	0	1	1	0.662251655631	-1.0	
16	78909611	90354752	2	1	1	1	0.631512472373	-0.79836613883	
16	78909611	90354752	1	0	1	0.85	0.631512472373	-0.79836613883	
17	11843	6635350	2	1	1	1	0.500000000001	0.0	
17	6635351	6756151	3	1	2	1	0.598393574297	0.584962500721	
17	6756152	48999633	2	1	1	1	0.500000000001	0.0	
17	48999634	49075540	3	1	2	1	0.598393574297	0.584962500721	
17	49075541	79984887	2	1	1	1	0.500000000001	0.0	
18	12500	78077247	2	1	1	1	0.500000000001	0.0	
19	97500	10122718	2	1	1	1	0.500000000001	0.0	
19	10122719	10323181	3	1	2	1	0.598393574297	0.584962500721	
19	10323182	30248166	2	1	1	1	0.500000000001	0.0	
19	30248167	30314871	2	1	1	1	0.586178357128	0.510961919277	
19	30248167	30314871	3	1	2	0.85	0.586178357128	0.510961919277	
19	30314872	33309169	2	1	1	1	0.500000000001	0.0	
19	33309170	33770340	3	1	2	1	0.598393574297	0.584962500721	
19	33770341	43399219	2	1	1	1	0.500000000001	0.0	
19	43399220	43567388	2	1	1	1	0.565009352299	0.384049806795	
19	43399220	43567388	3	1	2	0.61	0.565009352299	0.384049806795	
19	43567389	45195203	2	1	1	1	0.500000000001	0.0	
19	45195204	45549500	3	1	2	1	0.598393574297	0.584962500721	
19	45549501	59128982	2	1	1	1	0.500000000001	0.0	
20	82146	13979299	2	1	1	1	0.500000000001	0.0	
20	13979300	14050423	1	0	1	1	0.662251655631	-1.0	
20	14050424	15521796	2	1	1	1	0.500000000001	0.0	
20	15521797	16009473	1	0	1	1	0.662251655631	-1.0	
20	16009474	22317226	2	1	1	1	0.500000000001	0.0	
20	22317227	22335799	3	1	2	1	0.598393574297	0.584962500721	
20	22335800	36953305	2	1	1	1	0.500000000001	0.0	
20	36953306	36973776	2	1	1	1	0.586178357128	0.510961919277	
20	36953306	36973776	3	1	2	0.85	0.586178357128	0.510961919277	
20	36973777	49017509	2	1	1	1	0.500000000001	0.0	
20	49017510	63025519	3	1	2	1	0.598393574297	0.584962500721	
21	1	37684626	2	1	1	1	0.500000000001	0.0	
21	37684627	38113041	3	1	2	1	0.598393574297	0.584962500721	
21	38113042	44451339	2	1	1	1	0.500000000001	0.0	
21	44451340	44530089	2	1	1	1	0.500000000001	0.0	
21	44530090	48129894	2	1	1	1	0.500000000001	0.0	
22	12200000	29153690	2	1	1	1	0.500000000001	0.0	
22	29153691	29375978	2	1	1	1	0.586178357128	0.510961919277	
22	29153691	29375978	3	1	2	0.85	0.586178357128	0.510961919277	
22	29375979	37343103	2	1	1	1	0.500000000001	0.0	
22	37343104	37662498	3	1	2	1	0.598393574297	0.584962500721	
22	37662499	51304565	2	1	1	1	0.500000000001	0.0	
