chromosome	start	end	copy_number	minor_cn	major_cn	ccf	baf	logr	
1	17500	249250620	3	1	2	1	0.633699633702	0.584962500721	
2	12821	5457206	3	1	2	1	0.633699633702	0.584962500721	
2	5457207	5543431	2	0	2	1	0.865000000002	0.0	
2	5543432	25854986	2	1	1	1	0.553750725155	0.22032995488	
2	5543432	25854986	3	1	2	0.33	0.553750725155	0.22032995488	
2	25854987	26464704	2	0	2	1	0.865000000002	0.0	
2	26464705	109779278	3	1	2	1	0.633699633702	0.584962500721	
2	109779279	109867351	6	3	3	1	0.5	1.58496250072	
2	109867352	118799861	2	1	1	1	0.619453535275	0.516015147004	
2	109867352	118799861	3	1	2	0.86	0.619453535275	0.516015147004	
2	118799862	122240798	5	2	3	1	0.587112171839	1.32192809489	
2	122240799	123345585	3	2	1	1	0.417684876637	0.735522177297	
2	122240799	123345585	4	2	2	0.33	0.417684876637	0.735522177297	
2	123345586	125833300	5	2	3	1	0.587112171839	1.32192809489	
2	125833301	127374315	4	2	2	1	0.500000000002	1.0	
2	127374316	128052129	3	1	2	1	0.633699633702	0.584962500721	
2	128052130	128206576	6	3	3	1	0.5	1.58496250072	
2	128206577	128600113	3	2	1	1	0.417684876637	0.735522177297	
2	128206577	128600113	4	2	2	0.33	0.417684876637	0.735522177297	
2	128600114	129813243	6	3	3	1	0.5	1.58496250072	
2	129813244	131160545	2	1	1	1	0.619453535275	0.516015147004	
2	129813244	131160545	3	1	2	0.86	0.619453535275	0.516015147004	
2	131160546	134290658	5	2	3	1	0.587112171839	1.32192809489	
2	134290659	134576705	4	2	2	1	0.500000000002	1.0	
2	134576706	139404713	5	2	3	1	0.587112171839	1.32192809489	
2	139404714	139790792	5	2	3	1	0.587112171839	1.32192809489	
2	139790793	242985493	5	2	3	1	0.587112171839	1.32192809489	
3	62226	17644025	1	0	1	1	0.857730003163	-0.104697378667	
3	62226	17644025	2	0	2	0.86	0.857730003163	-0.104697378667	
3	17644026	17786720	0	0	0	1	0.500000000001	-inf	
3	17786721	29919408	2	0	2	1	0.865000000002	0.0	
3	29919409	31317802	0	0	0	1	0.500000000001	-inf	
3	31317803	59786417	2	0	2	1	0.865000000002	0.0	
3	59786418	59899444	0	0	0	1	0.500000000001	-inf	
3	59899445	60441012	2	0	2	1	0.865000000002	0.0	
3	60441013	60585338	1	0	1	1	0.787401574804	-1.0	
3	60585339	74272273	1	0	1	1	0.857730003163	-0.104697378667	
3	60585339	74272273	2	0	2	0.86	0.857730003163	-0.104697378667	
3	74272274	180074779	4	2	2	1	0.500000000002	1.0	
3	180074780	181663838	3	2	1	1	0.484781702304	0.948600847493	
3	180074780	181663838	4	2	2	0.86	0.484781702304	0.948600847493	
3	181663839	198022429	4	2	2	1	0.500000000002	1.0	
4	9997	26446409	3	1	2	1	0.633699633702	0.584962500721	
4	26446410	26725254	2	1	1	1	0.5	0.0	
4	26725255	31921400	2	1	1	1	0.538724110891	0.157043710146	
4	26725255	31921400	3	1	2	0.23	0.538724110891	0.157043710146	
4	31921401	32035573	2	1	1	1	0.5	0.0	
4	32035574	117174424	3	1	2	1	0.633699633702	0.584962500721	
4	117174425	117611920	3	1	2	1	0.633699633702	0.584962500721	
4	117611921	191154275	2	1	1	1	0.619453535275	0.516015147004	
4	117611921	191154275	3	1	2	0.86	0.619453535275	0.516015147004	
5	20747	15209962	3	1	2	1	0.633699633702	0.584962500721	
5	15209963	17665677	3	1	2	1	0.695030332251	0.416839741913	
5	15209963	17665677	2	0	2	0.33	0.695030332251	0.416839741913	
5	17665678	122750793	3	1	2	1	0.633699633702	0.584962500721	
5	122750794	122945304	1	0	1	1	0.787401574804	-1.0	
5	122945305	135553914	3	1	2	1	0.633699633702	0.584962500721	
5	135553915	135871570	5	1	4	1	0.761336515514	1.32192809489	
5	135871571	138176392	3	1	2	1	0.633699633702	0.584962500721	
5	138176393	138959979	5	1	4	1	0.761336515514	1.32192809489	
5	138959980	146004594	3	1	2	1	0.633699633702	0.584962500721	
5	146004595	146421430	1	1	0	1	0.2449868433	-1.37706964908	
5	146004595	146421430	0	0	0	0.23	0.2449868433	-1.37706964908	
5	146421431	147407499	3	1	2	1	0.633699633702	0.584962500721	
5	147407500	148358296	3	1	2	1	0.633699633702	0.584962500721	
5	148358297	180706525	2	1	1	1	0.553750725155	0.22032995488	
5	148358297	180706525	3	1	2	0.33	0.553750725155	0.22032995488	
6	209033	170905550	3	0	3	1	0.9010989011	0.584962500721	
7	42500	108121293	3	1	2	1	0.633699633702	0.584962500721	
7	108121294	110259448	3	1	2	1	0.675227352565	0.469885976274	
7	108121294	110259448	2	0	2	0.23	0.675227352565	0.469885976274	
7	110259449	115780606	3	1	2	1	0.633699633702	0.584962500721	
7	115780607	117099927	1	0	1	1	0.821298563767	-0.588573754274	
7	115780607	117099927	2	0	2	0.33	0.821298563767	-0.588573754274	
7	117099928	118411546	1	0	1	1	0.787401574804	-1.0	
7	118411547	159138662	2	1	1	1	0.545821734621	-0.176250639692	
7	118411547	159138662	1	0	1	0.23	0.545821734621	-0.176250639692	
8	263427	2146558	4	1	3	1	0.710982658961	1.0	
8	2146559	2989726	2	1	1	1	0.568472514354	-0.260151897301	
8	2146559	2989726	1	0	1	0.33	0.568472514354	-0.260151897301	
8	2989727	52551449	4	1	3	1	0.710982658961	1.0	
8	52551450	89943262	4	2	2	1	0.500000000002	1.0	
8	89943263	90715775	1	0	1	1	0.857730003163	-0.104697378667	
8	89943263	90715775	2	0	2	0.86	0.857730003163	-0.104697378667	
8	90715776	140481532	4	2	2	1	0.500000000002	1.0	
8	140481533	141041765	4	2	2	1	0.500000000002	1.0	
8	141041766	146364021	3	2	1	1	0.417684876637	0.735522177297	
8	141041766	146364021	4	2	2	0.33	0.417684876637	0.735522177297	
9	42500	125477499	3	1	2	1	0.822947388455	0.0976107966264	
9	42500	125477499	2	0	2	0.86	0.822947388455	0.0976107966264	
9	125477500	133811912	4	2	2	1	0.500000000002	1.0	
9	133811913	134532773	3	2	1	1	0.484781702304	0.948600847493	
9	133811913	134532773	4	2	2	0.86	0.484781702304	0.948600847493	
9	134532774	141213430	4	2	2	1	0.500000000002	1.0	
10	150922	135330970	1	0	1	1	0.821298563767	-0.588573754274	
10	150922	135330970	2	0	2	0.33	0.821298563767	-0.588573754274	
11	200948	63580090	4	2	2	1	0.500000000002	1.0	
11	63580091	64304989	3	1	2	1	0.695030332251	0.416839741913	
11	63580091	64304989	2	0	2	0.33	0.695030332251	0.416839741913	
11	64304990	80928972	4	2	2	1	0.500000000002	1.0	
11	80928973	81123976	2	1	1	1	0.5	0.0	
11	81123977	94340284	4	2	2	1	0.500000000002	1.0	
11	94340285	94888162	3	1	2	1	0.822947388455	0.0976107966264	
11	94340285	94888162	2	0	2	0.86	0.822947388455	0.0976107966264	
11	94888163	130609654	3	1	2	1	0.633699633702	0.584962500721	
11	130609655	131569526	2	1	1	1	0.538724110891	0.157043710146	
11	130609655	131569526	3	1	2	0.23	0.538724110891	0.157043710146	
11	131569527	135006515	3	1	2	1	0.633699633702	0.584962500721	
12	67500	38199999	3	0	3	1	0.9010989011	0.584962500721	
12	38200000	133851894	4	1	3	1	0.74724340087	0.914564523494	
12	38200000	133851894	3	0	3	0.23	0.74724340087	0.914564523494	
13	16300000	65686688	3	1	2	1	0.633699633702	0.584962500721	
13	65686689	66257001	2	1	1	1	0.5	0.0	
13	66257002	92802837	3	1	2	1	0.633699633702	0.584962500721	
13	92802838	92831841	1	1	0	1	0.2449868433	-1.37706964908	
13	92802838	92831841	0	0	0	0.23	0.2449868433	-1.37706964908	
13	92831842	102272064	3	1	2	1	0.633699633702	0.584962500721	
13	102272065	105240627	2	1	1	1	0.568472514354	-0.260151897301	
13	102272065	105240627	1	0	1	0.33	0.568472514354	-0.260151897301	
13	105240628	108512762	3	1	2	1	0.633699633702	0.584962500721	
13	108512763	110213700	3	1	2	1	0.633699633702	0.584962500721	
13	110213701	115169877	2	1	1	1	0.538724110891	0.157043710146	
13	110213701	115169877	3	1	2	0.23	0.538724110891	0.157043710146	
14	16100000	36618261	3	0	3	1	0.9010989011	0.584962500721	
14	36618262	107349539	4	1	3	1	0.710982658961	1.0	
15	15800000	102415661	3	1	2	1	0.633699633702	0.584962500721	
16	92548	3720382	4	2	2	1	0.500000000002	1.0	
16	3720383	90354752	3	1	2	1	0.633699633702	0.584962500721	
17	828	16652499	2	0	2	1	0.865000000002	0.0	
17	16652500	16757436	3	2	1	1	0.403015977087	0.691534164919	
17	16652500	16757436	4	2	2	0.23	0.403015977087	0.691534164919	
17	16757437	22199999	2	0	2	1	0.865000000002	0.0	
17	22200000	81195209	3	2	1	1	0.484781702304	0.948600847493	
17	22200000	81195209	4	2	2	0.86	0.484781702304	0.948600847493	
18	12500	15399999	2	0	2	1	0.865000000002	0.0	
18	15400000	25862855	2	0	2	1	0.865000000002	0.0	
18	25862856	78077247	1	0	1	1	0.821298563767	-0.588573754274	
18	25862856	78077247	2	0	2	0.33	0.821298563767	-0.588573754274	
19	97500	7495877	2	1	1	1	0.553750725155	0.22032995488	
19	97500	7495877	3	1	2	0.33	0.553750725155	0.22032995488	
19	7495878	8298547	1	0	1	1	0.787401574804	-1.0	
19	8298548	59128982	2	1	1	1	0.553750725155	0.22032995488	
19	8298548	59128982	3	1	2	0.33	0.553750725155	0.22032995488	
20	65900	63025519	4	2	2	1	0.500000000002	1.0	
21	9412500	48129894	1	0	1	1	0.812226163153	-0.701341684435	
21	9412500	48129894	2	0	2	0.23	0.812226163153	-0.701341684435	
22	12200000	51304565	3	1	2	1	0.633699633702	0.584962500721	
