chromosome	start	end	copy_number	minor_cn	major_cn	ccf	baf	logr	
1	17500	249250620	2	1	1	1	0.5	0.0	
2	10662	242983521	2	1	1	1	0.5	0.0	
3	61762	198022429	2	1	1	1	0.5	0.0	
4	9997	191154275	2	1	1	1	0.5	0.0	
5	15968	180712527	2	1	1	1	0.5	0.0	
6	207500	167697499	2	1	1	1	0.5	0.0	
6	167697500	167780490	2	1	1	1	0.5	0.0	
6	167780491	170897500	2	1	1	1	0.5	0.0	
7	42500	159138662	2	1	1	1	0.5	0.0	
8	167500	146364021	2	1	1	1	0.5	0.0	
9	10001	141213430	2	1	1	1	0.5	0.0	
10	97500	135534746	2	1	1	1	0.5	0.0	
11	182500	135006515	2	1	1	1	0.5	0.0	
12	67500	133851894	2	1	1	1	0.5	0.0	
13	16300000	115169877	2	1	1	1	0.5	0.0	
14	16100000	107349539	2	1	1	1	0.5	0.0	
15	15800000	22749648	2	1	1	1	0.5	0.0	
15	22749649	23691162	2	1	1	1	0.5	0.0	
15	23691163	102531391	2	1	1	1	0.5	0.0	
16	87500	90354752	2	1	1	1	0.5	0.0	
17	3936	81195209	2	1	1	1	0.5	0.0	
18	12500	78077247	2	1	1	1	0.5	0.0	
19	97500	6877484	2	1	1	1	0.5	0.0	
19	6877485	7111221	2	1	1	1	0.585818422796	0.454175893186	
19	6877485	7111221	3	1	2	0.74	0.585818422796	0.454175893186	
19	7111222	13185038	2	1	1	1	0.5	0.0	
19	13185039	19579509	1	0	1	1	0.694444444444	-1.0	
19	19579510	59128982	2	1	1	1	0.5	0.0	
20	62500	63025519	2	1	1	1	0.5	0.0	
21	9412500	48129894	2	1	1	1	0.5	0.0	
22	12200000	51304565	2	1	1	1	0.5	0.0	
