chromosome	start	end	copy_number	minor_cn	major_cn	ccf	baf	logr	
1	827253	95309445	2	1	1	1	0.500000000001	0.0	
1	95309446	96322547	1	0	1	1	0.7299270073	-1.0	
1	96322548	158955823	2	1	1	1	0.500000000001	0.0	
1	158955824	160910581	2	1	1	1	0.576236026277	-0.340075441598	
1	158955824	160910581	1	0	1	0.42	0.576236026277	-0.340075441598	
1	160910582	166388674	2	1	1	1	0.500000000001	0.0	
1	166388675	166413425	1	0	1	1	0.7299270073	-1.0	
1	166413426	176857169	2	1	1	1	0.500000000001	0.0	
1	176857170	176894011	2	1	1	1	0.521349251863	-0.0969617298871	
1	176857170	176894011	1	0	1	0.13	0.521349251863	-0.0969617298871	
1	176894012	176930669	2	1	1	1	0.500000000001	0.0	
1	176930670	176995913	1	0	1	1	0.7299270073	-1.0	
1	176995914	249250620	2	1	1	1	0.500000000001	0.0	
2	9997	50901964	2	1	1	1	0.500000000001	0.0	
2	50901965	51020393	1	0	1	1	0.7299270073	-1.0	
2	51020394	51352788	2	1	1	1	0.500000000001	0.0	
2	51352789	51396166	1	0	1	1	0.7299270073	-1.0	
2	51396167	78184703	2	1	1	1	0.500000000001	0.0	
2	78184704	78229836	1	0	1	1	0.7299270073	-1.0	
2	78229837	117985905	2	1	1	1	0.500000000001	0.0	
2	117985906	118065427	1	0	1	1	0.7299270073	-1.0	
2	118065428	125216345	2	1	1	1	0.500000000001	0.0	
2	125216346	127553288	2	1	1	1	0.674127005526	-0.761213140413	
2	125216346	127553288	1	0	1	0.82	0.674127005526	-0.761213140413	
2	127553289	128066762	2	1	1	1	0.500000000001	0.0	
2	128066763	139059163	1	0	1	1	0.7299270073	-1.0	
2	139059164	141066303	0	0	0	1	0.5	-inf	
2	141066304	151669647	2	1	1	1	0.521349251863	-0.0969617298871	
2	141066304	151669647	1	0	1	0.13	0.521349251863	-0.0969617298871	
2	151669648	156334410	2	1	1	1	0.500000000001	0.0	
2	156334411	156408018	1	0	1	1	0.7299270073	-1.0	
2	156408019	157788807	2	1	1	1	0.500000000001	0.0	
2	157788808	157835380	2	1	1	1	0.674127005526	-0.761213140413	
2	157788808	157835380	1	0	1	0.82	0.674127005526	-0.761213140413	
2	157835381	158209298	2	1	1	1	0.500000000001	0.0	
2	158209299	158402658	1	0	1	1	0.7299270073	-1.0	
2	158402659	161664620	2	1	1	1	0.500000000001	0.0	
2	161664621	161768791	3	1	2	1	0.61977186312	0.584962500721	
2	161768792	187639872	2	1	1	1	0.500000000001	0.0	
2	187639873	187671422	2	1	1	1	0.521349251863	-0.0969617298871	
2	187639873	187671422	1	0	1	0.13	0.521349251863	-0.0969617298871	
2	187671423	188295341	2	1	1	1	0.500000000001	0.0	
2	188295342	188647184	1	0	1	1	0.7299270073	-1.0	
2	188647185	195357510	2	1	1	1	0.500000000001	0.0	
2	195357511	195424790	4	2	2	1	0.500000000002	1.0	
2	195424791	229666777	2	1	1	1	0.500000000001	0.0	
2	229666778	229972545	1	0	1	1	0.7299270073	-1.0	
2	229972546	242881896	2	1	1	1	0.51966953264	0.0908534304511	
2	229972546	242881896	3	1	2	0.13	0.51966953264	0.0908534304511	
2	242881897	242984432	3	1	2	1	0.61977186312	0.584962500721	
3	61495	75346569	2	1	1	1	0.500000000001	0.0	
3	75346570	79246461	1	0	1	1	0.7299270073	-1.0	
3	79246462	86436556	2	1	1	1	0.500000000001	0.0	
3	86436557	86457637	2	1	1	1	0.576236026277	-0.340075441598	
3	86436557	86457637	1	0	1	0.42	0.576236026277	-0.340075441598	
3	86457638	86976093	2	1	1	1	0.500000000001	0.0	
3	86976094	127259600	3	1	2	1	0.61977186312	0.584962500721	
3	127259601	127420588	4	2	2	1	0.500000000002	1.0	
3	127420589	198022429	3	1	2	1	0.61977186312	0.584962500721	
4	9997	130779368	2	1	1	1	0.500000000001	0.0	
4	130779369	130814099	1	0	1	1	0.7299270073	-1.0	
4	130814100	131605217	2	1	1	1	0.500000000001	0.0	
4	131605218	131692071	2	1	1	1	0.576236026277	-0.340075441598	
4	131605218	131692071	1	0	1	0.42	0.576236026277	-0.340075441598	
4	131692072	131963256	2	1	1	1	0.500000000001	0.0	
4	131963257	132001509	1	0	1	1	0.7299270073	-1.0	
4	132001510	132315325	2	1	1	1	0.500000000001	0.0	
4	132315326	132347568	2	1	1	1	0.521349251863	-0.0969617298871	
4	132315326	132347568	1	0	1	0.13	0.521349251863	-0.0969617298871	
4	132347569	137354564	2	1	1	1	0.500000000001	0.0	
4	137354565	137427964	1	0	1	1	0.7299270073	-1.0	
4	137427965	190781263	2	1	1	1	0.500000000001	0.0	
5	850203	30074932	2	1	1	1	0.500000000001	0.0	
5	30074933	30124452	1	0	1	1	0.7299270073	-1.0	
5	30124453	30888146	2	1	1	1	0.500000000001	0.0	
5	30888147	30979501	1	0	1	1	0.7299270073	-1.0	
5	30979502	82971372	2	1	1	1	0.500000000001	0.0	
5	82971373	83013850	1	0	1	1	0.7299270073	-1.0	
5	83013851	92074993	2	1	1	1	0.500000000001	0.0	
5	92074994	92115219	2	1	1	1	0.576236026277	-0.340075441598	
5	92074994	92115219	1	0	1	0.42	0.576236026277	-0.340075441598	
5	92115220	92762958	2	1	1	1	0.500000000001	0.0	
5	92762959	92792277	1	0	1	1	0.7299270073	-1.0	
5	92792278	93536980	2	1	1	1	0.500000000001	0.0	
5	93536981	93563000	1	0	1	1	0.7299270073	-1.0	
5	93563001	95767417	2	1	1	1	0.500000000001	0.0	
5	95767418	95832641	2	1	1	1	0.521349251863	-0.0969617298871	
5	95767418	95832641	1	0	1	0.13	0.521349251863	-0.0969617298871	
5	95832642	96631350	2	1	1	1	0.500000000001	0.0	
5	96631351	96650386	1	0	1	1	0.7299270073	-1.0	
5	96650387	96665878	0	0	0	1	0.5	-inf	
5	96665879	97268837	1	0	1	1	0.7299270073	-1.0	
5	97268838	97439063	0	0	0	1	0.5	-inf	
5	97439064	98202543	2	1	1	1	0.576236026277	-0.340075441598	
5	97439064	98202543	1	0	1	0.42	0.576236026277	-0.340075441598	
5	98202544	101200107	2	1	1	1	0.500000000001	0.0	
5	101200108	102977117	1	0	1	1	0.7299270073	-1.0	
5	102977118	109432222	2	1	1	1	0.500000000001	0.0	
5	109432223	112130538	1	0	1	1	0.7299270073	-1.0	
5	112130539	112147239	0	0	0	1	0.5	-inf	
5	112147240	120222570	2	1	1	1	0.521349251863	-0.0969617298871	
5	112147240	120222570	1	0	1	0.13	0.521349251863	-0.0969617298871	
5	120222571	180715810	2	1	1	1	0.500000000001	0.0	
6	202777	57274775	2	1	1	1	0.500000000001	0.0	
6	57274776	57910475	1	0	1	1	0.7299270073	-1.0	
6	57910476	70457185	2	1	1	1	0.500000000001	0.0	
6	70457186	76579841	1	0	1	1	0.7299270073	-1.0	
6	76579842	76640448	0	0	0	1	0.5	-inf	
6	76640449	76954686	1	0	1	1	0.7299270073	-1.0	
6	76954687	77044181	0	0	0	1	0.5	-inf	
6	77044182	98537018	2	1	1	1	0.521349251863	-0.0969617298871	
6	77044182	98537018	1	0	1	0.13	0.521349251863	-0.0969617298871	
6	98537019	99991681	2	1	1	1	0.500000000001	0.0	
6	99991682	123455331	1	0	1	1	0.7299270073	-1.0	
6	123455332	170921585	2	1	1	1	0.500000000001	0.0	
7	42500	37613148	4	1	3	1	0.693251533744	1.0	
7	37613149	61915453	3	1	2	1	0.61977186312	0.584962500721	
7	61915454	63976177	2	1	1	1	0.576236026277	-0.340075441598	
7	61915454	63976177	1	0	1	0.42	0.576236026277	-0.340075441598	
7	63976178	84756702	2	1	1	1	0.500000000001	0.0	
7	84756703	88057233	3	1	2	1	0.61977186312	0.584962500721	
7	88057234	88088186	3	1	2	1	0.6891012091	0.367371065649	
7	88057234	88088186	2	0	2	0.42	0.6891012091	0.367371065649	
7	88088187	88234932	3	1	2	1	0.61977186312	0.584962500721	
7	88234933	88294420	1	0	1	1	0.745161512504	-0.82367722736	
7	88234933	88294420	2	0	2	0.13	0.745161512504	-0.82367722736	
7	88294421	107578703	3	1	2	1	0.61977186312	0.584962500721	
7	107578704	116267265	2	1	1	1	0.500000000001	0.0	
7	116267266	116322114	2	1	1	1	0.576236026277	-0.340075441598	
7	116267266	116322114	1	0	1	0.42	0.576236026277	-0.340075441598	
7	116322115	116438424	2	1	1	1	0.500000000001	0.0	
7	116438425	116469932	1	0	1	1	0.7299270073	-1.0	
7	116469933	117471893	2	1	1	1	0.500000000001	0.0	
7	117471894	117521697	1	0	1	1	0.7299270073	-1.0	
7	117521698	123260284	2	1	1	1	0.500000000001	0.0	
7	123260285	123516334	2	1	1	1	0.674127005526	-0.761213140413	
7	123260285	123516334	1	0	1	0.82	0.674127005526	-0.761213140413	
7	123516335	123633117	3	1	2	1	0.61977186312	0.584962500721	
7	123633118	124028883	1	0	1	1	0.7299270073	-1.0	
7	124028884	125350155	2	1	1	1	0.558420913184	0.2750070475	
7	124028884	125350155	3	1	2	0.42	0.558420913184	0.2750070475	
7	125350156	125449313	2	1	1	1	0.500000000001	0.0	
7	125449314	127182348	1	0	1	1	0.7299270073	-1.0	
7	127182349	127754349	2	1	1	1	0.500000000001	0.0	
7	127754350	158507743	3	1	2	1	0.61977186312	0.584962500721	
8	155757	36724191	2	1	1	1	0.576236026277	-0.340075441598	
8	155757	36724191	1	0	1	0.42	0.576236026277	-0.340075441598	
8	36724192	37738615	35	1	34	1	0.95612110575	4.12928301694	
8	37738616	39925869	5	1	4	1	0.742930591261	1.32192809489	
8	39925870	43099999	3	1	2	1	0.61977186312	0.584962500721	
8	43100000	49826046	2	1	1	1	0.500000000001	0.0	
8	49826047	49874612	1	0	1	1	0.7299270073	-1.0	
8	49874613	50217484	2	1	1	1	0.500000000001	0.0	
8	50217485	52064583	1	0	1	1	0.7299270073	-1.0	
8	52064584	52863156	2	1	1	1	0.500000000001	0.0	
8	52863157	52926087	1	0	1	1	0.7299270073	-1.0	
8	52926088	53460635	2	1	1	1	0.500000000001	0.0	
8	53460636	56693827	2	1	1	1	0.576236026277	-0.340075441598	
8	53460636	56693827	1	0	1	0.42	0.576236026277	-0.340075441598	
8	56693828	57759311	2	1	1	1	0.500000000001	0.0	
8	57759312	57845053	1	0	1	1	0.7299270073	-1.0	
8	57845054	59747481	2	1	1	1	0.500000000001	0.0	
8	59747482	59807694	2	1	1	1	0.576236026277	-0.340075441598	
8	59747482	59807694	1	0	1	0.42	0.576236026277	-0.340075441598	
8	59807695	146364021	2	1	1	1	0.500000000001	0.0	
9	10001	141213430	2	1	1	1	0.500000000001	0.0	
10	90127	42397372	3	1	2	1	0.61977186312	0.584962500721	
10	42397373	135534746	2	1	1	1	0.558420913184	0.2750070475	
10	42397373	135534746	3	1	2	0.42	0.558420913184	0.2750070475	
11	196944	21845771	3	1	2	1	0.61977186312	0.584962500721	
11	21845772	22131596	3	1	2	1	0.771269045141	0.124328135002	
11	21845772	22131596	2	0	2	0.82	0.771269045141	0.124328135002	
11	22131597	23118218	3	1	2	1	0.61977186312	0.584962500721	
11	23118219	29320289	2	0	2	1	0.815000000003	0.0	
11	29320290	30919977	2	1	1	1	0.51966953264	0.0908534304511	
11	29320290	30919977	3	1	2	0.13	0.51966953264	0.0908534304511	
11	30919978	33271700	1	0	1	1	0.7299270073	-1.0	
11	33271701	38954511	3	1	2	1	0.61977186312	0.584962500721	
11	38954512	55699999	2	1	1	1	0.521349251863	-0.0969617298871	
11	38954512	55699999	1	0	1	0.13	0.521349251863	-0.0969617298871	
11	55700000	65211391	2	1	1	1	0.500000000001	0.0	
11	65211392	103198734	3	1	2	1	0.61977186312	0.584962500721	
11	103198735	103294800	1	0	1	1	0.7299270073	-1.0	
11	103294801	103406759	3	1	2	1	0.61977186312	0.584962500721	
11	103406760	106058965	2	1	1	1	0.674127005526	-0.761213140413	
11	103406760	106058965	1	0	1	0.82	0.674127005526	-0.761213140413	
11	106058966	106627007	3	1	2	1	0.61977186312	0.584962500721	
11	106627008	106682784	2	1	1	1	0.576236026277	-0.340075441598	
11	106627008	106682784	1	0	1	0.42	0.576236026277	-0.340075441598	
11	106682785	106715969	2	1	1	1	0.500000000001	0.0	
11	106715970	106781285	1	0	1	1	0.7299270073	-1.0	
11	106781286	106816129	2	1	1	1	0.500000000001	0.0	
11	106816130	106830172	1	0	1	1	0.7299270073	-1.0	
11	106830173	106856731	2	1	1	1	0.500000000001	0.0	
11	106856732	106885101	2	1	1	1	0.521349251863	-0.0969617298871	
11	106856732	106885101	1	0	1	0.13	0.521349251863	-0.0969617298871	
11	106885102	106946349	2	1	1	1	0.500000000001	0.0	
11	106946350	107147366	1	0	1	1	0.7299270073	-1.0	
11	107147367	135006515	2	1	1	1	0.500000000001	0.0	
12	149478	16014654	2	1	1	1	0.500000000001	0.0	
12	16014655	16946827	2	1	1	1	0.674127005526	-0.761213140413	
12	16014655	16946827	1	0	1	0.82	0.674127005526	-0.761213140413	
12	16946828	133851894	2	1	1	1	0.500000000001	0.0	
13	16300000	37941860	2	1	1	1	0.500000000001	0.0	
13	37941861	37957376	1	0	1	1	0.7299270073	-1.0	
13	37957377	39238761	2	1	1	1	0.500000000001	0.0	
13	39238762	39248881	2	1	1	1	0.674127005526	-0.761213140413	
13	39238762	39248881	1	0	1	0.82	0.674127005526	-0.761213140413	
13	39248882	40613008	2	1	1	1	0.500000000001	0.0	
13	40613009	68135647	1	0	1	1	0.7299270073	-1.0	
13	68135648	68424183	2	1	1	1	0.500000000001	0.0	
13	68424184	115169877	1	0	1	1	0.7299270073	-1.0	
14	16100000	52969661	2	1	1	1	0.500000000001	0.0	
14	52969662	53076458	2	1	1	1	0.500000000001	0.0	
14	53076459	107349539	2	1	1	1	0.500000000001	0.0	
15	15800000	102426739	2	1	1	1	0.500000000001	0.0	
16	92370	1488525	2	1	1	1	0.500000000001	0.0	
16	1488526	1820073	2	1	1	1	0.558420913184	0.2750070475	
16	1488526	1820073	3	1	2	0.42	0.558420913184	0.2750070475	
16	1820074	46442499	1	0	1	1	0.7299270073	-1.0	
16	46442500	89993206	1	0	1	1	0.7299270073	-1.0	
17	1665	19733699	2	1	1	1	0.500000000001	0.0	
17	19733700	21539158	1	0	1	1	0.7299270073	-1.0	
17	21539159	81195209	2	1	1	1	0.500000000001	0.0	
18	12500	78077247	2	1	1	1	0.500000000001	0.0	
19	97500	13300955	1	0	1	1	0.7299270073	-1.0	
19	13300956	14408451	3	1	2	1	0.61977186312	0.584962500721	
19	14408452	59128982	2	1	1	1	0.500000000001	0.0	
20	62500	63025519	2	1	1	1	0.500000000001	0.0	
21	14447457	18775399	1	0	1	1	0.7299270073	-1.0	
21	18775400	19000248	2	1	1	1	0.500000000001	0.0	
21	19000249	20591537	1	0	1	1	0.7299270073	-1.0	
21	20591538	21279212	2	1	1	1	0.500000000001	0.0	
21	21279213	21987412	1	0	1	1	0.7299270073	-1.0	
21	21987413	22256936	2	1	1	1	0.500000000001	0.0	
21	22256937	23622575	2	1	1	1	0.576236026277	-0.340075441598	
21	22256937	23622575	1	0	1	0.42	0.576236026277	-0.340075441598	
21	23622576	24025570	2	1	1	1	0.500000000001	0.0	
21	24025571	24322140	1	0	1	1	0.7299270073	-1.0	
21	24322141	28864144	2	1	1	1	0.500000000001	0.0	
21	28864145	29777339	2	1	1	1	0.500000000001	0.0	
21	29777340	48129894	2	1	1	1	0.500000000001	0.0	
22	12200000	51304565	2	1	1	1	0.500000000001	0.0	
