chromosome	start	end	copy_number	minor_cn	major_cn	ccf	baf	logr	
1	17500	58749760	2	1	1	1	0.500000000001	0.0	
1	58749761	59201062	75	1	74	1	0.978840457046	5.2288186905	
1	59201063	59501293	221	1	220	1	0.992742052548	6.78790255939	
1	59501294	59586931	197	1	196	1	0.991863303499	6.62205181946	
1	59586932	59895596	221	1	220	1	0.992742052548	6.78790255939	
1	59895597	60192544	295	1	294	1	0.994555156267	7.20457114425	
1	60192545	60529943	225	1	224	1	0.992870383573	6.81378119122	
1	60529944	60830305	67	1	66	1	0.976359338061	5.06608919046	
1	60830306	60899806	45	1	44	1	0.965108164689	4.49185309633	
1	60899807	60975704	102	2	100	1	0.9746875	5.67242534197	
1	60975705	61213917	45	1	44	1	0.965108164689	4.49185309633	
1	61213918	61945928	2	1	1	1	0.500000000001	0.0	
1	61945929	62072072	15	1	14	1	0.900596421472	2.90689059561	
1	62072073	62117132	2	1	1	1	0.500000000001	0.0	
1	62117133	62222833	6	1	5	1	0.776785714285	1.58496250072	
1	62222834	62660520	2	1	1	1	0.500000000001	0.0	
1	62660521	62874942	45	1	44	1	0.965108164689	4.49185309633	
1	62874943	63314001	2	1	1	1	0.500000000001	0.0	
1	63314002	64488538	6	1	5	1	0.776785714285	1.58496250072	
1	64488539	64541633	40	2	38	1	0.936619718311	4.32192809489	
1	64541634	65751912	8	1	7	1	0.825174825174	2.0	
1	65751913	249250620	2	1	1	1	0.500000000001	0.0	
2	11320	242985493	2	1	1	1	0.500000000001	0.0	
3	60596	74005686	2	1	1	1	0.500000000001	0.0	
3	74005687	74041163	91	1	90	1	0.982511367611	5.5077946402	
3	74041164	74103240	165	1	164	1	0.990296914419	6.36632221425	
3	74103241	74344112	141	1	140	1	0.988659559992	6.1395513524	
3	74344113	74462995	127	1	126	1	0.987421383648	5.98868468677	
3	74462996	77151813	2	1	1	1	0.500000000001	0.0	
3	77151814	77330042	93	1	92	1	0.982882574461	5.53915881111	
3	77330043	77345028	73	1	72	1	0.978270317253	5.18982455888	
3	77345029	77372343	96	0	96	1	0.993696084937	5.58496250072	
3	77372344	77407467	68	2	66	1	0.962255358808	5.08746284125	
3	77407468	79638788	2	1	1	1	0.500000000001	0.0	
3	79638789	79651411	95	1	94	1	0.983238350654	5.56985560833	
3	79651412	79679760	157	1	156	1	0.989806320082	6.29462074889	
3	79679761	80127853	95	1	94	1	0.983238350654	5.56985560833	
3	80127854	197846280	2	1	1	1	0.500000000001	0.0	
4	17500	16935211	2	1	1	1	0.500000000001	0.0	
4	16935212	24792317	4	1	3	1	0.69135802469	1.0	
4	24792318	25934241	2	1	1	1	0.500000000001	0.0	
4	25934242	28893694	4	1	3	1	0.69135802469	1.0	
4	28893695	28967262	2	0	2	1	0.810000000005	0.0	
4	28967263	33261700	4	1	3	1	0.69135802469	1.0	
4	33261701	33334457	2	1	1	1	0.500000000001	0.0	
4	33334458	33520442	4	2	2	1	0.500000000002	1.0	
4	33520443	38595231	2	1	1	1	0.500000000001	0.0	
4	38595232	38990413	4	1	3	1	0.69135802469	1.0	
4	38990414	191154275	2	1	1	1	0.500000000001	0.0	
5	17500	23500112	2	1	1	1	0.500000000001	0.0	
5	23500113	23707787	173	1	172	1	0.990742455101	6.43462822764	
5	23707788	180713424	2	1	1	1	0.500000000001	0.0	
6	205800	39736595	2	1	1	1	0.500000000001	0.0	
6	39736596	39788387	225	1	224	1	0.992870383573	6.81378119122	
6	39788388	39847294	169	1	168	1	0.990524919462	6.40087943628	
6	39847295	39861559	221	1	220	1	0.992742052548	6.78790255939	
6	39861560	39926702	349	1	348	1	0.995394676246	7.44708322621	
6	39926703	39961777	211	1	210	1	0.9924000608	6.72109918871	
6	39961778	40018909	50	0	50	1	0.988035264483	4.64385618977	
6	40018910	40043036	42	0	42	1	0.985820895526	4.39231742278	
6	40043037	40151530	58	0	58	1	0.989651416121	4.85798099513	
6	40151531	40207620	241	1	240	1	0.993341323745	6.91288933623	
6	40207621	40277575	58	0	58	1	0.989651416121	4.85798099513	
6	40277576	40369396	33	1	32	1	0.95287464656	4.04439411936	
6	40369397	40646693	35	1	34	1	0.955476402493	4.12928301694	
6	40646694	40755682	127	1	126	1	0.987421383648	5.98868468677	
6	40755683	40840641	219	1	218	1	0.99267613886	6.7747870596	
6	40840642	40918269	111	1	110	1	0.985628054038	5.79441586635	
6	40918270	40943368	124	2	122	1	0.97913446677	5.95419631039	
6	40943369	41007124	229	1	228	1	0.992994255289	6.8392037881	
6	41007125	41023544	285	1	284	1	0.994364927308	7.15481810905	
6	41023545	41169366	317	1	316	1	0.99493157628	7.30833903014	
6	41169367	41225865	148	0	148	1	0.995892779939	6.20945336563	
6	41225866	41251838	205	1	204	1	0.992178945722	6.67948009951	
6	41251839	41292717	126	0	126	1	0.995182555781	5.9772799235	
6	41292718	41341962	111	1	110	1	0.985628054038	5.79441586635	
6	41341963	41381893	167	1	166	1	0.990412272291	6.38370429247	
6	41381894	41457273	132	0	132	1	0.995399515738	6.04439411936	
6	41457274	41702467	2	1	1	1	0.500000000001	0.0	
6	41702468	42010430	98	2	96	1	0.973667100128	5.61470984412	
6	42010431	42066704	186	0	186	1	0.996726395589	6.53915881111	
6	42066705	42114351	232	2	230	1	0.988796680499	6.85798099513	
6	42114352	42197065	152	0	152	1	0.996	6.24792751344	
6	42197066	42220522	123	1	122	1	0.987016359387	5.94251450534	
6	42220523	42285474	284	2	282	1	0.990839176658	7.1497471195	
6	42285475	42514527	215	1	214	1	0.992540653439	6.74819284959	
6	42514528	42560710	186	2	184	1	0.986044107512	6.53915881111	
6	42560711	42602122	282	2	280	1	0.990774487472	7.1395513524	
6	42602123	42632952	203	1	202	1	0.992102353499	6.66533591719	
6	42632953	42690689	160	0	160	1	0.996198479391	6.32192809489	
6	42690690	43151072	2	1	1	1	0.500000000001	0.0	
6	43151073	43223925	125	1	124	1	0.987222080245	5.96578428466	
6	43223926	43403344	43	1	42	1	0.963530269881	4.4262647547	
6	43403345	43570303	2	1	1	1	0.500000000001	0.0	
6	43570304	43793945	4	1	3	1	0.69135802469	1.0	
6	43793946	43874021	109	1	108	1	0.985367281241	5.76818432478	
6	43874022	43939627	2	1	1	1	0.500000000001	0.0	
6	43939628	44040134	3	0	3	1	0.85496183206	0.584962500721	
6	44040135	44226688	143	1	142	1	0.988816819503	6.15987133678	
6	44226689	44279594	42	0	42	1	0.985820895526	4.39231742278	
6	44279595	44301216	12	6	6	1	0.5	2.58496250072	
6	44301217	44364682	4	2	2	1	0.500000000002	1.0	
6	44364683	44812641	4	1	3	1	0.69135802469	1.0	
6	44812642	45986777	2	1	1	1	0.500000000001	0.0	
6	45986778	46001916	65	1	64	1	0.97564539698	5.02236781303	
6	46001917	46829553	2	1	1	1	0.500000000001	0.0	
6	46829554	46863289	63	1	62	1	0.974886991461	4.9772799235	
6	46863290	50533327	2	1	1	1	0.500000000001	0.0	
6	50533328	50685396	106	0	106	1	0.994283995186	5.72792045456	
6	50685397	50732469	43	1	42	1	0.963530269881	4.4262647547	
6	50732470	50811692	2	1	1	1	0.500000000001	0.0	
6	50811693	51105164	3	0	3	1	0.85496183206	0.584962500721	
6	51105165	52359971	2	1	1	1	0.500000000001	0.0	
6	52359972	52373426	165	1	164	1	0.990296914419	6.36632221425	
6	52373427	52467557	109	1	108	1	0.985367281241	5.76818432478	
6	52467558	52737853	107	1	106	1	0.985096870343	5.7414669864	
6	52737854	98493554	2	1	1	1	0.500000000001	0.0	
6	98493555	98537809	4	1	3	1	0.69135802469	1.0	
6	98537810	99626744	35	1	34	1	0.955476402493	4.12928301694	
6	99626745	100039538	37	1	36	1	0.957805907173	4.20945336563	
6	100039539	100370832	6	1	5	1	0.776785714285	1.58496250072	
6	100370833	100474601	35	1	34	1	0.955476402493	4.12928301694	
6	100474602	100608233	6	1	5	1	0.776785714285	1.58496250072	
6	100608234	100673419	121	1	120	1	0.986803906044	5.91886323727	
6	100673420	100707339	165	1	164	1	0.990296914419	6.36632221425	
6	100707340	100795355	119	1	118	1	0.986584384223	5.89481776331	
6	100795356	103645130	6	1	5	1	0.776785714285	1.58496250072	
6	103645131	106604254	2	1	1	1	0.500000000001	0.0	
6	106604255	106930419	6	1	5	1	0.776785714285	1.58496250072	
6	106930420	107066034	4	1	3	1	0.69135802469	1.0	
6	107066035	107124613	43	1	42	1	0.963530269881	4.4262647547	
6	107124614	107273560	51	1	50	1	0.969116738728	4.67242534197	
6	107273561	107829458	6	1	5	1	0.776785714285	1.58496250072	
6	107829459	109178599	2	1	1	1	0.500000000001	0.0	
6	109178600	109202564	41	1	40	1	0.961802902979	4.35755200462	
6	109202565	111638338	2	1	1	1	0.500000000001	0.0	
6	111638339	111742416	6	1	5	1	0.776785714285	1.58496250072	
6	111742417	111935916	45	1	44	1	0.965108164689	4.49185309633	
6	111935917	113741293	2	1	1	1	0.500000000001	0.0	
6	113741294	113762288	43	1	42	1	0.963530269881	4.4262647547	
6	113762289	116551479	2	1	1	1	0.500000000001	0.0	
6	116551480	117146968	4	1	3	1	0.69135802469	1.0	
6	117146969	117249460	6	1	5	1	0.776785714285	1.58496250072	
6	117249461	117298610	12	6	6	1	0.5	2.58496250072	
6	117298611	117310154	7	1	6	1	0.803921568627	1.80735492206	
6	117310155	117576618	37	1	36	1	0.957805907173	4.20945336563	
6	117576619	144117685	2	1	1	1	0.500000000001	0.0	
6	144117686	144137591	15	1	14	1	0.900596421472	2.90689059561	
6	144137592	145115624	2	1	1	1	0.500000000001	0.0	
6	145115625	148639395	4	1	3	1	0.69135802469	1.0	
6	148639396	149299383	53	1	52	1	0.970255800119	4.72792045456	
6	149299384	151701172	29	1	28	1	0.946638207044	3.85798099513	
6	151701173	152792349	4	1	3	1	0.69135802469	1.0	
6	152792350	153011125	6	1	5	1	0.776785714285	1.58496250072	
6	153011126	153118990	4	1	3	1	0.69135802469	1.0	
6	153118991	153198185	6	1	5	1	0.776785714285	1.58496250072	
6	153198186	153266299	4	2	2	1	0.500000000002	1.0	
6	153266300	154733381	4	1	3	1	0.69135802469	1.0	
6	154733382	170898626	2	1	1	1	0.500000000001	0.0	
7	42500	159138662	2	1	1	1	0.500000000001	0.0	
8	155757	549714	39	1	38	1	0.959903769046	4.28540221886	
8	549715	141292299	2	1	1	1	0.500000000001	0.0	
8	141292300	141368212	6	1	5	1	0.776785714285	1.58496250072	
8	141368213	141420179	2	1	1	1	0.500000000001	0.0	
8	141420180	145884284	2	1	1	1	0.500000000001	0.0	
9	10001	74734360	2	1	1	1	0.500000000001	0.0	
9	74734361	81626275	6	1	5	1	0.776785714285	1.58496250072	
9	81626276	85244734	5	1	4	1	0.740932642486	1.32192809489	
9	85244735	91721415	2	1	1	1	0.500000000001	0.0	
9	91721416	99340426	6	1	5	1	0.776785714285	1.58496250072	
9	99340427	99994642	33	1	32	1	0.95287464656	4.04439411936	
9	99994643	101100486	5	1	4	1	0.740932642486	1.32192809489	
9	101100487	101460401	4	1	3	1	0.69135802469	1.0	
9	101460402	115680098	5	1	4	1	0.740932642486	1.32192809489	
9	115680099	115923927	6	1	5	1	0.776785714285	1.58496250072	
9	115923928	117262100	4	1	3	1	0.69135802469	1.0	
9	117262101	118271414	33	1	32	1	0.95287464656	4.04439411936	
9	118271415	120210096	4	1	3	1	0.69135802469	1.0	
9	120210097	121012344	6	1	5	1	0.776785714285	1.58496250072	
9	121012345	121139977	4	1	3	1	0.69135802469	1.0	
9	121139978	121407146	6	1	5	1	0.776785714285	1.58496250072	
9	121407147	123699164	4	1	3	1	0.69135802469	1.0	
9	123699165	124303476	6	1	5	1	0.776785714285	1.58496250072	
9	124303477	136544896	35	1	34	1	0.955476402493	4.12928301694	
9	136544897	136728977	37	1	36	1	0.974374382963	4.18388345903	
9	136544897	136728977	36	0	36	0.65	0.974374382963	4.18388345903	
9	136728978	139934621	35	1	34	1	0.955476402493	4.12928301694	
9	139934622	140678952	37	1	36	1	0.957805907173	4.20945336563	
10	126822	135534746	2	1	1	1	0.500000000001	0.0	
11	202072	135006515	2	1	1	1	0.500000000001	0.0	
12	67500	48497754	2	1	1	1	0.500000000001	0.0	
12	48497755	48515428	82	2	80	1	0.968604651161	5.35755200462	
12	48515429	52688765	2	1	1	1	0.500000000001	0.0	
12	52688766	52784890	4	0	4	1	0.882716049382	1.0	
12	52784891	54918854	2	1	1	1	0.500000000001	0.0	
12	54918855	55062958	243	1	242	1	0.993395852595	6.92481250361	
12	55062959	55080218	271	1	270	1	0.994075127385	7.08214904135	
12	55080219	55147016	136	0	136	1	0.99553361542	6.08746284125	
12	55147017	55223940	6	1	5	1	0.776785714285	1.58496250072	
12	55223941	55744544	2	1	1	1	0.500000000001	0.0	
12	55744545	55839101	53	1	52	1	0.970255800119	4.72792045456	
12	55839102	55945774	115	1	114	1	0.986122675548	5.84549005094	
12	55945775	56785523	2	1	1	1	0.500000000001	0.0	
12	56785524	56825264	15	1	14	1	0.900596421472	2.90689059561	
12	56825265	57878864	2	1	1	1	0.500000000001	0.0	
12	57878865	58416602	4	1	3	1	0.69135802469	1.0	
12	58416603	58555133	229	1	228	1	0.992994255289	6.8392037881	
12	58555134	58669959	2	1	1	1	0.500000000001	0.0	
12	58669960	58685395	63	1	62	1	0.974886991461	4.9772799235	
12	58685396	58753293	6	3	3	1	0.499999999999	1.58496250072	
12	58753294	61642679	2	1	1	1	0.500000000001	0.0	
12	61642680	61766143	37	1	36	1	0.957805907173	4.20945336563	
12	61766144	61849687	85	1	84	1	0.981294425739	5.40939093614	
12	61849688	61958600	46	0	46	1	0.987021857923	4.52356195606	
12	61958601	62003972	85	1	84	1	0.981294425739	5.40939093614	
12	62003973	62090018	31	1	30	1	0.94994994995	3.95419631039	
12	62090019	62155953	52	2	50	1	0.95090909091	4.70043971814	
12	62155954	62245297	93	1	92	1	0.982882574461	5.53915881111	
12	62245298	62292410	129	1	128	1	0.987614565271	6.01122725542	
12	62292411	62329209	153	1	152	1	0.989541936833	6.25738784269	
12	62329210	62409325	127	1	126	1	0.987421383648	5.98868468677	
12	62409326	62429598	2	1	1	1	0.500000000001	0.0	
12	62429599	62560165	63	1	62	1	0.974886991461	4.9772799235	
12	62560166	62576751	76	0	76	1	0.992063492063	5.24792751344	
12	62576752	62870275	61	1	60	1	0.974079834111	4.93073733756	
12	62870276	62909186	115	1	114	1	0.986122675548	5.84549005094	
12	62909187	62973179	71	1	70	1	0.977668602054	5.1497471195	
12	62973180	63239245	2	1	1	1	0.500000000001	0.0	
12	63239246	63262387	182	2	180	1	0.98573943662	6.5077946402	
12	63262388	64543083	2	1	1	1	0.500000000001	0.0	
12	64543084	64656186	4	1	3	1	0.69135802469	1.0	
12	64656187	66109394	2	1	1	1	0.500000000001	0.0	
12	66109395	66132078	31	1	30	1	0.94994994995	3.95419631039	
12	66132079	67450223	2	1	1	1	0.500000000001	0.0	
12	67450224	67486384	61	1	60	1	0.974079834111	4.93073733756	
12	67486385	67604426	30	0	30	1	0.980371900825	3.90689059561	
12	67604427	67976461	2	1	1	1	0.500000000001	0.0	
12	67976462	68145601	190	0	190	1	0.996794871795	6.56985560833	
12	68145602	68185071	29	1	28	1	0.946638207044	3.85798099513	
12	68185072	69100841	2	1	1	1	0.500000000001	0.0	
12	69100842	69241808	4	0	4	1	0.882716049382	1.0	
12	69241809	69300692	543	1	542	1	0.997036334539	8.0848083878	
12	69300693	69343210	293	1	292	1	0.99451814494	7.19475685442	
12	69343211	69456017	219	1	218	1	0.99267613886	6.7747870596	
12	69456018	69487796	203	1	202	1	0.992102353499	6.66533591719	
12	69487797	69714550	123	1	122	1	0.987016359387	5.94251450534	
12	69714551	69739729	189	1	188	1	0.99152111243	6.56224242422	
12	69739730	70003450	109	1	108	1	0.985367281241	5.76818432478	
12	70003451	70030151	2	1	1	1	0.500000000001	0.0	
12	70030152	70085167	64	0	64	1	0.990603363009	5.0	
12	70085168	70282867	2	1	1	1	0.500000000001	0.0	
12	70282868	70330552	29	1	28	1	0.946638207044	3.85798099513	
12	70330553	70388227	107	1	106	1	0.985096870343	5.7414669864	
12	70388228	70447647	143	1	142	1	0.988816819503	6.15987133678	
12	70447648	70461707	162	2	160	1	0.983992094862	6.33985000288	
12	70461708	70504627	85	1	84	1	0.981294425739	5.40939093614	
12	70504628	70518984	62	2	60	1	0.958673469388	4.95419631039	
12	70518985	70558591	148	2	146	1	0.982490272374	6.20945336563	
12	70558592	70594611	69	1	68	1	0.977032613688	5.10852445678	
12	70594612	70629206	115	1	114	1	0.986122675548	5.84549005094	
12	70629207	70701432	150	0	150	1	0.995947098976	6.2288186905	
12	70701433	70842176	2	1	1	1	0.500000000001	0.0	
12	70842177	70863987	37	1	36	1	0.957805907173	4.20945336563	
12	70863988	70987354	2	1	1	1	0.500000000001	0.0	
12	70987355	71001501	100	2	98	1	0.974187380497	5.64385618977	
12	71001502	76041418	2	1	1	1	0.500000000001	0.0	
12	76041419	76075715	113	1	112	1	0.985879695001	5.82017896242	
12	76075716	76134376	29	1	28	1	0.946638207044	3.85798099513	
12	76134377	76154153	45	1	44	1	0.965108164689	4.49185309633	
12	76154154	76191927	61	1	60	1	0.974079834111	4.93073733756	
12	76191928	76293412	417	1	416	1	0.99614346317	7.70390357344	
12	76293413	76394288	339	1	338	1	0.995259315445	7.40514146314	
12	76394289	76559132	29	1	28	1	0.946638207044	3.85798099513	
12	76559133	76673831	15	1	14	1	0.900596421472	2.90689059561	
12	76673832	76902072	45	1	44	1	0.965108164689	4.49185309633	
12	76902073	76950995	158	0	158	1	0.996150729335	6.30378074818	
12	76950996	76996554	181	1	180	1	0.991148875907	6.49984588708	
12	76996555	77028202	302	2	300	1	0.991382978717	7.23840473933	
12	77028203	77302107	185	1	184	1	0.991338991859	6.53138146052	
12	77302108	133851894	2	1	1	1	0.500000000001	0.0	
13	16300000	114986609	2	1	1	1	0.500000000001	0.0	
14	16100000	20541934	1	0	1	1	0.724637681157	-1.0	
14	20541935	107349539	1	0	1	1	0.724637681157	-1.0	
15	15800000	102401912	2	1	1	1	0.500000000001	0.0	
16	94298	90354752	2	1	1	1	0.500000000001	0.0	
17	6157	81195209	2	1	1	1	0.500000000001	0.0	
18	136305	77912458	2	1	1	1	0.500000000001	0.0	
19	245844	59042275	2	1	1	1	0.500000000001	0.0	
20	62500	63025519	2	1	1	1	0.500000000001	0.0	
21	9412500	47619266	2	1	1	1	0.500000000001	0.0	
22	12200000	51304565	2	1	1	1	0.500000000001	0.0	
