chromosome	start	end	copy_number	minor_cn	major_cn	ccf	baf	logr	
1	17500	249250620	2	1	1	1	0.500000000002	0.0	
2	19956	66402507	2	1	1	1	0.500000000002	0.0	
2	66402508	69555163	1	0	1	1	0.800000000005	-1.0	
2	69555164	206439771	2	1	1	1	0.500000000002	0.0	
2	206439772	207048063	2	1	1	1	0.572192513368	0.292781749228	
2	206439772	207048063	3	1	2	0.45	0.572192513368	0.292781749228	
2	207048064	220192888	2	1	1	1	0.500000000002	0.0	
2	220192889	222459397	1	0	1	1	0.800000000005	-1.0	
2	222459398	242985695	2	1	1	1	0.500000000002	0.0	
3	60596	30056205	2	1	1	1	0.500000000002	0.0	
3	30056206	37901493	1	0	1	1	0.800000000005	-1.0	
3	37901494	69985599	2	1	1	1	0.500000000002	0.0	
3	69985600	71036776	2	1	1	1	0.542857142855	0.169925001442	
3	69985600	71036776	3	1	2	0.25	0.542857142855	0.169925001442	
3	71036777	198022429	2	1	1	1	0.500000000002	0.0	
4	11870	190777951	2	1	1	1	0.500000000002	0.0	
5	17500	21343275	2	1	1	1	0.500000000002	0.0	
5	21343276	21799069	2	1	1	1	0.6015037594	-0.3677317845	
5	21343276	21799069	1	0	1	0.45	0.6015037594	-0.3677317845	
5	21799070	52422765	2	1	1	1	0.500000000002	0.0	
5	52422766	55224984	1	0	1	1	0.800000000005	-1.0	
5	55224985	59068495	0	0	0	1	0.500000000001	-inf	
5	59068496	66542661	2	1	1	1	0.632911392408	-0.473931188332	
5	59068496	66542661	1	0	1	0.56	0.632911392408	-0.473931188332	
5	66542662	68301038	2	1	1	1	0.500000000002	0.0	
5	68301039	81464858	1	0	1	1	0.800000000005	-1.0	
5	81464859	180714844	2	1	1	1	0.500000000002	0.0	
6	209980	2879853	2	1	1	1	0.500000000002	0.0	
6	2879854	2996572	1	0	1	1	0.800000000005	-1.0	
6	2996573	4788369	2	1	1	1	0.500000000002	0.0	
6	4788370	6773268	2	1	1	1	0.750469043155	-0.849440323425	
6	4788370	6773268	1	0	1	0.89	0.750469043155	-0.849440323425	
6	6773269	7236977	2	1	1	1	0.500000000002	0.0	
6	7236978	11131569	1	0	1	1	0.800000000005	-1.0	
6	11131570	17770822	2	1	1	1	0.500000000002	0.0	
6	17770823	18191297	2	1	1	1	0.632911392408	-0.473931188332	
6	17770823	18191297	1	0	1	0.56	0.632911392408	-0.473931188332	
6	18191298	18584123	2	1	1	1	0.500000000002	0.0	
6	18584124	18766262	1	0	1	1	0.800000000005	-1.0	
6	18766263	18891519	2	1	1	1	0.500000000002	0.0	
6	18891520	19127526	2	1	1	1	0.551724137932	-0.192645077942	
6	18891520	19127526	1	0	1	0.25	0.551724137932	-0.192645077942	
6	19127527	20038888	2	1	1	1	0.500000000002	0.0	
6	20038889	20138379	1	0	1	1	0.800000000005	-1.0	
6	20138380	64356798	2	1	1	1	0.500000000002	0.0	
6	64356799	128296645	2	1	1	1	0.6015037594	-0.3677317845	
6	64356799	128296645	1	0	1	0.45	0.6015037594	-0.3677317845	
6	128296646	170921585	2	1	1	1	0.500000000002	0.0	
7	42500	159138662	2	1	1	1	0.500000000002	0.0	
8	156504	7210019	2	1	1	1	0.500000000002	0.0	
8	7210020	9660236	1	0	1	1	0.800000000005	-1.0	
8	9660237	12470138	2	1	1	1	0.500000000002	0.0	
8	12470139	17016530	2	1	1	1	0.6015037594	-0.3677317845	
8	12470139	17016530	1	0	1	0.45	0.6015037594	-0.3677317845	
8	17016531	17030935	2	1	1	1	0.500000000002	0.0	
8	17030936	18731257	1	0	1	1	0.800000000005	-1.0	
8	18731258	94236232	2	1	1	1	0.500000000002	0.0	
8	94236233	96613758	1	0	1	1	0.800000000005	-1.0	
8	96613759	99129041	2	1	1	1	0.500000000002	0.0	
8	99129042	102304652	2	1	1	1	0.750469043155	-0.849440323425	
8	99129042	102304652	1	0	1	0.89	0.750469043155	-0.849440323425	
8	102304653	103251040	2	1	1	1	0.500000000002	0.0	
8	103251041	105363763	1	0	1	1	0.800000000005	-1.0	
8	105363764	146364021	2	1	1	1	0.500000000002	0.0	
9	42500	141213430	2	1	1	1	0.500000000002	0.0	
10	94426	59503750	2	1	1	1	0.500000000002	0.0	
10	59503751	59605907	2	1	1	1	0.632911392408	-0.473931188332	
10	59503751	59605907	1	0	1	0.56	0.632911392408	-0.473931188332	
10	59605908	59706042	2	1	1	1	0.500000000002	0.0	
10	59706043	60461169	1	0	1	1	0.800000000005	-1.0	
10	60461170	80997334	2	1	1	1	0.500000000002	0.0	
10	80997335	81755391	2	1	1	1	0.632911392408	-0.473931188332	
10	80997335	81755391	1	0	1	0.56	0.632911392408	-0.473931188332	
10	81755392	85894806	2	1	1	1	0.500000000002	0.0	
10	85894807	86031423	1	0	1	1	0.800000000005	-1.0	
10	86031424	86125235	2	1	1	1	0.500000000002	0.0	
10	86125236	86236150	2	1	1	1	0.632911392408	-0.473931188332	
10	86125236	86236150	1	0	1	0.56	0.632911392408	-0.473931188332	
10	86236151	89398144	2	1	1	1	0.500000000002	0.0	
10	89398145	89693846	1	0	1	1	0.800000000005	-1.0	
10	89693847	89819276	0	0	0	1	0.500000000001	-inf	
10	89819277	90001455	1	0	1	1	0.800000000005	-1.0	
10	90001456	90063343	0	0	0	1	0.500000000001	-inf	
10	90063344	90571684	2	1	1	1	0.6015037594	-0.3677317845	
10	90063344	90571684	1	0	1	0.45	0.6015037594	-0.3677317845	
10	90571685	99042711	2	1	1	1	0.500000000002	0.0	
10	99042712	99442003	1	0	1	1	0.800000000005	-1.0	
10	99442004	102770424	2	1	1	1	0.500000000002	0.0	
10	102770425	103932106	2	1	1	1	0.500000000002	0.0	
10	103932107	135235689	2	1	1	1	0.500000000002	0.0	
11	197557	135006515	2	1	1	1	0.500000000002	0.0	
12	67500	30494955	2	1	1	1	0.500000000002	0.0	
12	30494956	30694330	1	0	1	1	0.800000000005	-1.0	
12	30694331	133851894	2	1	1	1	0.500000000002	0.0	
13	16300000	33877217	2	1	1	1	0.500000000002	0.0	
13	33877218	34459190	2	1	1	1	0.750469043155	-0.849440323425	
13	33877218	34459190	1	0	1	0.89	0.750469043155	-0.849440323425	
13	34459191	115169877	2	1	1	1	0.500000000002	0.0	
14	16100000	65652146	2	1	1	1	0.500000000002	0.0	
14	65652147	67031713	2	1	1	1	0.632911392408	-0.473931188332	
14	65652147	67031713	1	0	1	0.56	0.632911392408	-0.473931188332	
14	67031714	74699913	2	1	1	1	0.500000000002	0.0	
14	74699914	75580136	1	0	1	1	0.800000000005	-1.0	
14	75580137	107000281	2	1	1	1	0.500000000002	0.0	
15	15800000	102531391	2	1	1	1	0.500000000002	0.0	
16	84870	90354752	2	1	1	1	0.500000000002	0.0	
17	7	81195209	2	1	1	1	0.500000000002	0.0	
18	12500	78077247	2	1	1	1	0.500000000002	0.0	
19	158847	59128982	2	1	1	1	0.500000000002	0.0	
20	62500	63025519	2	1	1	1	0.500000000002	0.0	
21	9412500	39894082	2	1	1	1	0.500000000002	0.0	
21	39894083	39977682	2	1	1	1	0.6015037594	-0.3677317845	
21	39894083	39977682	1	0	1	0.45	0.6015037594	-0.3677317845	
21	39977683	40103913	2	1	1	1	0.500000000002	0.0	
21	40103914	42867742	2	1	1	1	0.500000000002	0.0	
21	42867743	47983123	2	1	1	1	0.500000000002	0.0	
22	12200000	17899999	2	1	1	1	0.500000000002	0.0	
22	17900000	18888112	1	0	1	1	0.800000000005	-1.0	
22	18888113	50562746	2	1	1	1	0.500000000002	0.0	
