chromosome	start	end	copy_number	minor_cn	major_cn	ccf	baf	logr	
1	17500	63787492	2	1	1	1	0.499999999999	0.0	
1	63787493	65116540	1	0	1	1	0.763358778628	-1.0	
1	65116541	105787072	2	1	1	1	0.499999999999	0.0	
1	105787073	106220094	1	0	1	1	0.763358778628	-1.0	
1	106220095	193819570	2	1	1	1	0.499999999999	0.0	
1	193819571	194100876	2	1	1	1	0.499999999999	0.0	
1	194100877	249250620	2	1	1	1	0.499999999999	0.0	
2	11320	84134802	2	1	1	1	0.499999999999	0.0	
2	84134803	84282513	1	0	1	1	0.763358778628	-1.0	
2	84282514	155868980	2	1	1	1	0.499999999999	0.0	
2	155868981	156197901	1	0	1	1	0.763358778628	-1.0	
2	156197902	219476796	1	0	1	1	0.763358778628	-1.0	
2	219476797	242985695	1	0	1	1	0.763358778628	-1.0	
3	62500	102568565	2	1	1	1	0.499999999999	0.0	
3	102568566	102868708	2	1	1	1	0.499999999999	0.0	
3	102868709	198022429	2	1	1	1	0.499999999999	0.0	
4	9997	20371405	2	1	1	1	0.499999999999	0.0	
4	20371406	21723200	1	0	1	1	0.763358778628	-1.0	
4	21723201	190765349	2	1	1	1	0.499999999999	0.0	
5	20510	22798740	2	1	1	1	0.499999999999	0.0	
5	22798741	22916411	1	0	1	1	0.763358778628	-1.0	
5	22916412	23288722	2	1	1	1	0.499999999999	0.0	
5	23288723	23979927	1	0	1	1	0.763358778628	-1.0	
5	23979928	45378489	2	1	1	1	0.499999999999	0.0	
5	45378490	45616037	0	0	0	1	0.5	-inf	
5	45616038	84441146	2	1	1	1	0.499999999999	0.0	
5	84441147	85065165	2	1	1	1	0.499999999999	0.0	
5	85065166	180712500	2	1	1	1	0.499999999999	0.0	
6	207500	143558577	2	1	1	1	0.499999999999	0.0	
6	143558578	144418351	1	0	1	1	0.763358778628	-1.0	
6	144418352	154201491	2	1	1	1	0.499999999999	0.0	
6	154201492	155627096	2	1	1	1	0.499999999999	0.0	
6	155627097	170897500	2	1	1	1	0.499999999999	0.0	
7	42500	159138662	2	1	1	1	0.499999999999	0.0	
8	167500	146364021	2	1	1	1	0.499999999999	0.0	
9	42500	203936	2	0	2	1	0.844999999998	0.0	
9	203937	21790603	1	0	1	1	0.763358778628	-1.0	
9	21790604	22906217	0	0	0	1	0.5	-inf	
9	22906218	24113685	1	0	1	1	0.763358778628	-1.0	
9	24113686	25698978	2	1	1	1	0.499999999999	0.0	
9	25698979	125109890	1	0	1	1	0.763358778628	-1.0	
9	125109891	125622766	1	0	1	1	0.763358778628	-1.0	
9	125622767	141213430	1	0	1	1	0.763358778628	-1.0	
10	97500	4201097	2	1	1	1	0.499999999999	0.0	
10	4201098	9011088	6	1	5	1	0.789915966386	1.58496250072	
10	9011089	72117885	2	1	1	1	0.499999999999	0.0	
10	72117886	75974443	1	0	1	1	0.763358778628	-1.0	
10	75974444	94852336	2	1	1	1	0.499999999999	0.0	
10	94852337	96182194	1	0	1	1	0.763358778628	-1.0	
10	96182195	96573414	2	1	1	1	0.499999999999	0.0	
10	96573415	97594161	1	0	1	1	0.763358778628	-1.0	
10	97594162	100949437	2	1	1	1	0.499999999999	0.0	
10	100949438	104993639	2	1	1	1	0.499999999999	0.0	
10	104993640	135417857	2	1	1	1	0.499999999999	0.0	
11	182500	47391994	2	1	1	1	0.499999999999	0.0	
11	47391995	47568665	1	0	1	1	0.763358778628	-1.0	
11	47568666	47966015	2	1	1	1	0.499999999999	0.0	
11	47966016	48275137	1	0	1	1	0.763358778628	-1.0	
11	48275138	51599999	2	0	2	1	0.844999999998	0.0	
11	51600000	114776081	2	1	1	1	0.499999999999	0.0	
11	114776082	114792849	2	1	1	1	0.499999999999	0.0	
11	114792850	135006515	2	1	1	1	0.499999999999	0.0	
12	67500	130143979	2	1	1	1	0.499999999999	0.0	
12	130143980	130394785	1	0	1	1	0.763358778628	-1.0	
12	130394786	132041648	2	1	1	1	0.499999999999	0.0	
12	132041649	132200712	2	1	1	1	0.499999999999	0.0	
12	132200713	133851894	2	1	1	1	0.499999999999	0.0	
13	16300000	34860065	3	1	2	1	0.628252788103	0.584962500721	
13	34860066	35397195	2	1	1	1	0.499999999999	0.0	
13	35397196	44041362	3	1	2	1	0.628252788103	0.584962500721	
13	44041363	44102659	2	0	2	1	0.844999999998	0.0	
13	44102660	63225331	3	1	2	1	0.628252788103	0.584962500721	
13	63225332	63315984	2	1	1	1	0.499999999999	0.0	
13	63315985	79423542	3	1	2	1	0.628252788103	0.584962500721	
13	79423543	81998023	2	1	1	1	0.499999999999	0.0	
13	81998024	109265805	3	1	2	1	0.628252788103	0.584962500721	
13	109265806	109562595	2	0	2	1	0.844999999998	0.0	
13	109562596	111317687	3	1	2	1	0.628252788103	0.584962500721	
13	111317688	113395767	3	1	2	1	0.628252788103	0.584962500721	
13	113395768	115169877	3	1	2	1	0.628252788103	0.584962500721	
14	16100000	107349539	2	1	1	1	0.499999999999	0.0	
15	15800000	38734988	2	1	1	1	0.499999999999	0.0	
15	38734989	39652152	3	1	2	1	0.628252788103	0.584962500721	
15	39652153	45113668	3	1	2	1	0.628252788103	0.584962500721	
15	45113669	102531391	3	1	2	1	0.628252788103	0.584962500721	
16	83807	5394194	2	1	1	1	0.499999999999	0.0	
16	5394195	7308904	1	0	1	1	0.763358778628	-1.0	
16	7308905	90354752	2	1	1	1	0.499999999999	0.0	
17	1880	10272086	1	0	1	1	0.763358778628	-1.0	
17	10272087	12627431	0	0	0	1	0.5	-inf	
17	12627432	18928072	1	0	1	1	0.763358778628	-1.0	
17	18928073	19346044	91	1	90	1	0.984229616779	5.5077946402	
17	19346045	20670452	57	1	56	1	0.974968710888	4.83289001416	
17	20670453	20940396	63	1	62	1	0.977319119981	4.9772799235	
17	20940397	21308121	91	1	90	1	0.984229616779	5.5077946402	
17	21308122	21538611	73	1	72	1	0.980388311433	5.18982455888	
17	21538612	22187439	15	1	14	1	0.908842297178	2.90689059561	
17	22187440	81195209	3	1	2	1	0.628252788103	0.584962500721	
18	12500	78077247	2	1	1	1	0.499999999999	0.0	
19	97500	59128982	2	1	1	1	0.499999999999	0.0	
20	62500	29804689	2	1	1	1	0.499999999999	0.0	
20	29804690	48595358	3	1	2	1	0.628252788103	0.584962500721	
20	48595359	49471347	4	1	3	1	0.704142011834	1.0	
20	49471348	59840427	3	1	2	1	0.628252788103	0.584962500721	
20	59840428	61357122	3	1	2	1	0.628252788103	0.584962500721	
20	61357123	63025519	3	1	2	1	0.628252788103	0.584962500721	
21	1	48129894	2	1	1	1	0.499999999999	0.0	
22	12200000	51304565	2	1	1	1	0.499999999999	0.0	
