chromosome	start	end	copy_number	minor_cn	major_cn	ccf	baf	logr	
1	17500	8029069	1	0	1	1	0.925925925921	-1.0	
1	8029070	9273898	2	1	1	1	0.499999999998	0.0	
1	9273899	28864042	1	0	1	1	0.925925925921	-1.0	
1	28864043	111780355	2	1	1	1	0.499999999998	0.0	
1	111780356	111870440	2	1	1	1	0.593495934961	0.321928094887	
1	111780356	111870440	3	1	2	0.5	0.593495934961	0.321928094887	
1	111870441	249250620	2	1	1	1	0.499999999998	0.0	
2	17500	1586644	2	1	1	1	0.499999999998	0.0	
2	1586645	1743544	4	2	2	1	0.5	1.0	
2	1743545	8949817	2	1	1	1	0.499999999998	0.0	
2	8949818	9050538	3	2	1	1	0.431952662723	0.807354922058	
2	8949818	9050538	4	2	2	0.5	0.431952662723	0.807354922058	
2	9050539	43153735	2	1	1	1	0.499999999998	0.0	
2	43153736	43213535	4	2	2	1	0.5	1.0	
2	43213536	243034519	2	1	1	1	0.499999999998	0.0	
3	60363	169518179	2	1	1	1	0.499999999998	0.0	
3	169518180	184667021	4	1	3	1	0.739583333334	1.0	
3	184667022	184781245	2	1	1	1	0.499999999998	0.0	
3	184781246	184816697	3	2	1	1	0.386894878019	0.691534164919	
3	184781246	184816697	4	2	2	0.23	0.386894878019	0.691534164919	
3	184816698	197842892	2	1	1	1	0.499999999998	0.0	
4	17500	55141103	2	1	1	1	0.499999999998	0.0	
4	55141104	55215490	2	1	1	1	0.499999999998	0.0	
4	55215491	191154275	2	1	1	1	0.499999999998	0.0	
5	17500	32945183	2	1	1	1	0.499999999998	0.0	
5	32945184	32986560	0	0	0	1	0.500000000001	-inf	
5	32986561	33042828	2	1	1	1	0.499999999998	0.0	
5	33042829	33114489	1	1	0	1	0.129032258065	-2.0	
5	33042829	33114489	0	0	0	0.5	0.129032258065	-2.0	
5	33114490	180685637	2	1	1	1	0.499999999998	0.0	
6	205800	5081966	2	1	1	1	0.499999999998	0.0	
6	5081967	5106695	0	0	0	1	0.500000000001	-inf	
6	5106696	5137967	2	1	1	1	0.499999999998	0.0	
6	5137968	8060048	1	0	1	1	0.925925925921	-1.0	
6	8060049	17773954	2	1	1	1	0.499999999998	0.0	
6	17773955	21437235	1	0	1	1	0.925925925921	-1.0	
6	21437236	21667573	2	1	1	1	0.499999999998	0.0	
6	21667574	23313270	2	1	1	1	0.526648409519	-0.0816137655537	
6	21667574	23313270	1	0	1	0.11	0.526648409519	-0.0816137655537	
6	23313271	23493220	2	1	1	1	0.499999999998	0.0	
6	23493221	24022905	1	0	1	1	0.925925925921	-1.0	
6	24022906	57317499	2	1	1	1	0.499999999998	0.0	
6	57317500	63299999	1	0	1	1	0.925925925921	-1.0	
6	63300000	125102217	2	1	1	1	0.499999999998	0.0	
6	125102218	142756789	1	0	1	1	0.925925925921	-1.0	
6	142756790	170893241	2	1	1	1	0.499999999998	0.0	
7	42500	12395533	3	1	2	1	0.657534246574	0.584962500721	
7	12395534	12430232	2	1	1	1	0.499999999998	0.0	
7	12430233	141021182	3	1	2	1	0.657534246574	0.584962500721	
7	141021183	141327499	2	1	1	1	0.499999999998	0.0	
7	141327500	145186196	3	1	2	1	0.657534246574	0.584962500721	
7	145186197	145401823	2	1	1	1	0.593495934961	0.321928094887	
7	145186197	145401823	3	1	2	0.5	0.593495934961	0.321928094887	
7	145401824	158842900	3	1	2	1	0.657534246574	0.584962500721	
8	155757	2293407	2	1	1	1	0.499999999998	0.0	
8	2293408	2586381	7	1	6	1	0.861697544162	1.78450398293	
8	2293408	2586381	6	0	6	0.11	0.861697544162	1.78450398293	
8	2586382	146364021	2	1	1	1	0.499999999998	0.0	
9	411286	21458385	1	0	1	1	0.925925925921	-1.0	
9	21458386	22423645	0	0	0	1	0.500000000001	-inf	
9	22423646	33035392	2	1	1	1	0.649350649349	-0.415037499279	
9	22423646	33035392	1	0	1	0.5	0.649350649349	-0.415037499279	
9	33035393	115736689	2	1	1	1	0.499999999998	0.0	
9	115736690	115774489	0	0	0	1	0.500000000001	-inf	
9	115774490	115788520	4	2	2	1	0.5	1.0	
9	115788521	116582431	2	1	1	1	0.649350649349	-0.415037499279	
9	115788521	116582431	1	0	1	0.5	0.649350649349	-0.415037499279	
9	116582432	124852912	2	1	1	1	0.499999999998	0.0	
9	124852913	129888034	1	0	1	1	0.925925925921	-1.0	
9	129888035	130127854	2	1	1	1	0.499999999998	0.0	
9	130127855	130203583	1	0	1	1	0.925925925921	-1.0	
9	130203584	132825184	2	1	1	1	0.499999999998	0.0	
9	132825185	133567881	2	1	1	1	0.649350649349	-0.415037499279	
9	132825185	133567881	1	0	1	0.5	0.649350649349	-0.415037499279	
9	133567882	133861612	2	1	1	1	0.499999999998	0.0	
9	133861613	134285321	1	0	1	1	0.925925925921	-1.0	
9	134285322	141026318	2	1	1	1	0.499999999998	0.0	
10	95096	135534746	1	0	1	1	0.925925925921	-1.0	
11	202072	135006515	2	1	1	1	0.499999999998	0.0	
12	67500	133851894	2	1	1	1	0.499999999998	0.0	
13	16300000	115068810	2	1	1	1	0.499999999998	0.0	
14	16100000	106449771	2	1	1	1	0.499999999998	0.0	
15	15800000	20699999	0	0	0	1	0.500000000001	-inf	
15	20700000	32011844	2	1	1	1	0.499999999998	0.0	
15	32011845	32506364	2	1	1	1	0.499999999998	0.0	
15	32506365	102531391	2	1	1	1	0.499999999998	0.0	
16	90723	34599999	2	1	1	1	0.499999999998	0.0	
16	34600000	38599999	2	1	1	1	0.499999999998	0.0	
16	38600000	90161292	2	1	1	1	0.499999999998	0.0	
17	828	81195209	2	1	1	1	0.499999999998	0.0	
18	49357	13949833	1	0	1	1	0.925925925921	-1.0	
18	13949834	76112500	2	1	1	1	0.499999999998	0.0	
19	254304	59038895	2	1	1	1	0.524081477248	0.0772429989325	
19	254304	59038895	3	1	2	0.11	0.524081477248	0.0772429989325	
20	62500	63025519	2	1	1	1	0.593495934961	0.321928094887	
20	62500	63025519	3	1	2	0.5	0.593495934961	0.321928094887	
21	9412500	21057959	2	1	1	1	0.499999999998	0.0	
21	21057960	21075805	2	0	2	1	0.959999999997	0.0	
21	21075806	21093455	1	1	0	1	0.0921234454169	-1.37706964908	
21	21075806	21093455	0	0	0	0.23	0.0921234454169	-1.37706964908	
21	21093456	34446788	2	1	1	1	0.499999999998	0.0	
21	34446789	34466405	2	1	1	1	0.499999999998	0.0	
21	34466406	48129894	2	1	1	1	0.499999999998	0.0	
22	12200000	51304565	2	1	1	1	0.499999999998	0.0	
